nMachines = 3;
nJobs = 30;
p = [
[0,0,0]
[131, 58, 83]
[61, 110, 146]
[128, 109, 50]
[90, 78, 114]
[100, 130, 78]
[127, 119, 57]
[79, 131, 127]
[55, 72, 91]
[96, 106, 75]
[101, 132, 140]
[67, 107, 149]
[103, 86, 137]
[75, 97, 86]
[111, 122, 149]
[110, 65, 51]
[82, 59, 86]
[130, 101, 100]
[131, 91, 92]
[99, 64, 60]
[91, 108, 54]
[95, 51, 106]
[52, 65, 110]
[112, 67, 93]
[55, 64, 116]
[84, 101, 142]
[59, 133, 119]
[52, 118, 72]
[56, 105, 125]
[148, 63, 70]
[90, 117, 81]
];
s = [
[
[0,0,0]
[0,0,0]
[0,0,0]
[0,0,0]
[0,0,0]
[0,0,0]
[0,0,0]
[0,0,0]
[0,0,0]
[0,0,0]
[0,0,0]
[0,0,0]
[0,0,0]
[0,0,0]
[0,0,0]
[0,0,0]
[0,0,0]
[0,0,0]
[0,0,0]
[0,0,0]
[0,0,0]
[0,0,0]
[0,0,0]
[0,0,0]
[0,0,0]
[0,0,0]
[0,0,0]
[0,0,0]
[0,0,0]
[0,0,0]
[0,0,0]
]
[
[0,0,0]
[35,37,16]
[33,39,28]
[24,28,30]
[40,19,35]
[33,28,21]
[16,31,23]
[36,36,44]
[31,22,17]
[33,17,22]
[31,33,23]
[25,40,27]
[47,30,36]
[39,30,30]
[40,34,37]
[26,37,21]
[42,19,40]
[39,34,42]
[39,23,27]
[34,17,35]
[30,27,38]
[29,23,24]
[26,23,43]
[36,30,25]
[40,47,20]
[33,21,40]
[32,26,26]
[37,42,45]
[38,16,35]
[31,33,25]
[30,18,24]
]
[
[0,0,0]
[25,40,19]
[30,30,35]
[23,26,28]
[32,35,26]
[27,26,22]
[41,34,36]
[39,45,30]
[33,28,42]
[25,41,25]
[32,46,16]
[27,37,45]
[20,37,39]
[27,23,19]
[42,26,30]
[42,44,47]
[20,46,33]
[38,25,39]
[38,37,45]
[34,26,39]
[23,33,36]
[29,41,46]
[22,18,45]
[36,40,30]
[26,30,18]
[38,28,27]
[19,44,46]
[25,42,33]
[40,43,33]
[35,28,20]
[18,27,39]
]
[
[0,0,0]
[26,19,45]
[34,47,20]
[25,23,17]
[25,45,24]
[27,21,34]
[38,41,17]
[35,36,42]
[35,28,22]
[18,29,36]
[22,26,46]
[22,25,20]
[39,40,17]
[15,16,32]
[29,30,16]
[22,23,41]
[41,25,44]
[47,40,38]
[40,32,16]
[37,44,39]
[38,18,20]
[32,41,42]
[19,17,40]
[16,21,19]
[41,35,27]
[38,22,45]
[34,26,35]
[41,23,46]
[44,31,37]
[32,45,32]
[44,18,38]
]
[
[0,0,0]
[22,42,32]
[16,28,40]
[33,17,37]
[31,38,19]
[28,19,20]
[37,33,36]
[38,34,35]
[46,30,22]
[26,43,42]
[39,28,22]
[39,41,29]
[47,40,27]
[30,19,37]
[15,42,43]
[32,22,41]
[44,20,46]
[33,27,45]
[46,43,43]
[30,20,31]
[18,37,45]
[44,40,21]
[22,24,28]
[19,40,22]
[30,19,45]
[36,29,47]
[40,28,18]
[45,37,37]
[36,46,18]
[24,25,29]
[17,33,34]
]
[
[0,0,0]
[29,21,45]
[22,45,26]
[30,17,45]
[27,28,43]
[25,32,33]
[23,15,38]
[40,30,36]
[41,28,30]
[31,29,21]
[32,21,46]
[19,26,34]
[42,32,46]
[19,47,42]
[25,23,40]
[24,16,25]
[30,38,42]
[16,35,45]
[34,18,23]
[17,46,38]
[29,41,47]
[28,44,36]
[35,24,32]
[33,20,17]
[22,17,32]
[46,36,29]
[34,40,41]
[45,37,38]
[32,31,25]
[25,26,27]
[21,16,43]
]
[
[0,0,0]
[23,31,29]
[41,21,31]
[41,23,45]
[32,40,41]
[29,25,27]
[34,17,22]
[41,31,24]
[42,38,45]
[21,25,28]
[21,20,41]
[34,41,39]
[43,40,25]
[27,25,32]
[30,22,38]
[24,40,35]
[32,31,44]
[20,16,36]
[42,32,45]
[39,16,20]
[21,31,41]
[27,21,47]
[39,37,32]
[24,32,23]
[16,21,35]
[19,16,30]
[45,41,28]
[41,33,16]
[30,18,31]
[28,17,22]
[16,33,22]
]
[
[0,0,0]
[33,47,23]
[17,29,39]
[33,18,35]
[32,39,42]
[44,42,17]
[42,45,34]
[17,47,40]
[37,32,24]
[39,22,20]
[40,45,39]
[33,25,29]
[37,26,31]
[16,16,45]
[44,17,28]
[40,35,37]
[36,42,23]
[18,25,15]
[43,44,30]
[33,30,41]
[46,38,24]
[29,32,19]
[33,42,34]
[37,26,31]
[32,39,21]
[38,22,38]
[17,47,16]
[44,35,34]
[36,29,41]
[32,45,33]
[32,26,31]
]
[
[0,0,0]
[17,31,28]
[39,41,27]
[45,22,38]
[39,34,29]
[45,42,33]
[43,24,22]
[26,47,43]
[33,22,29]
[21,30,40]
[34,19,34]
[27,15,25]
[41,25,29]
[46,32,35]
[21,17,44]
[43,38,18]
[27,38,29]
[21,25,20]
[33,28,38]
[23,34,37]
[27,27,29]
[33,45,17]
[31,16,25]
[41,33,22]
[31,45,37]
[27,28,21]
[27,43,30]
[26,25,30]
[18,20,20]
[32,35,17]
[37,35,46]
]
[
[0,0,0]
[35,31,41]
[38,40,20]
[37,28,28]
[18,36,21]
[41,28,43]
[19,33,38]
[23,18,41]
[24,44,16]
[22,38,22]
[40,19,24]
[41,27,39]
[37,39,32]
[24,22,19]
[41,40,37]
[40,33,42]
[20,38,17]
[22,25,16]
[30,44,30]
[38,39,19]
[18,38,17]
[43,25,17]
[19,20,47]
[40,17,32]
[46,31,20]
[33,46,21]
[34,40,32]
[38,46,22]
[17,19,20]
[19,18,22]
[37,18,20]
]
[
[0,0,0]
[39,19,36]
[42,26,20]
[39,18,22]
[40,38,18]
[33,20,47]
[36,17,41]
[42,27,26]
[25,41,38]
[24,31,35]
[30,40,30]
[39,46,22]
[44,18,45]
[37,43,21]
[30,16,28]
[20,34,42]
[20,31,22]
[19,42,17]
[34,24,37]
[27,37,23]
[42,34,39]
[18,40,16]
[22,31,20]
[46,47,40]
[18,16,18]
[42,36,26]
[16,17,18]
[25,38,16]
[30,23,29]
[26,19,36]
[45,47,44]
]
[
[0,0,0]
[41,26,46]
[27,44,42]
[32,28,21]
[45,31,34]
[39,17,35]
[40,32,22]
[31,46,35]
[17,36,18]
[22,44,28]
[44,44,24]
[33,37,26]
[26,16,37]
[43,32,17]
[29,40,29]
[17,35,28]
[40,31,42]
[17,37,31]
[19,44,36]
[34,26,43]
[24,29,47]
[29,17,19]
[35,27,20]
[23,25,46]
[22,16,34]
[34,24,27]
[34,45,35]
[38,21,44]
[45,18,32]
[15,29,21]
[24,27,28]
]
[
[0,0,0]
[28,44,44]
[36,33,30]
[40,43,43]
[44,17,27]
[27,22,34]
[35,17,32]
[39,40,21]
[39,19,40]
[17,18,21]
[44,38,43]
[23,43,27]
[27,39,42]
[28,27,34]
[24,47,25]
[19,35,33]
[20,19,24]
[38,31,22]
[17,45,26]
[34,38,22]
[40,23,33]
[23,26,27]
[24,26,22]
[18,24,37]
[44,37,40]
[22,46,26]
[27,39,35]
[41,32,26]
[37,34,16]
[30,30,32]
[28,27,46]
]
[
[0,0,0]
[29,31,45]
[30,34,20]
[28,42,17]
[46,26,37]
[41,34,42]
[33,28,38]
[41,26,26]
[29,20,39]
[30,35,35]
[46,38,35]
[46,18,31]
[18,39,36]
[22,27,23]
[41,41,25]
[30,35,25]
[24,46,16]
[16,27,24]
[25,17,19]
[25,43,20]
[39,23,24]
[35,34,30]
[41,17,35]
[37,30,17]
[29,31,38]
[33,17,21]
[27,46,20]
[20,24,38]
[38,30,27]
[23,35,25]
[22,27,35]
]
[
[0,0,0]
[27,28,22]
[32,26,24]
[20,22,45]
[35,30,24]
[15,40,36]
[17,39,17]
[32,28,36]
[41,29,40]
[28,23,46]
[19,33,17]
[16,39,35]
[16,36,41]
[44,35,39]
[20,41,20]
[24,18,30]
[38,41,28]
[21,26,23]
[42,40,36]
[29,38,41]
[29,44,39]
[42,47,40]
[23,21,40]
[19,19,44]
[42,23,28]
[31,22,18]
[34,39,24]
[16,43,30]
[20,25,20]
[37,36,18]
[23,29,17]
]
[
[0,0,0]
[39,17,36]
[30,37,34]
[19,26,35]
[17,25,30]
[31,29,25]
[41,31,47]
[22,43,36]
[41,33,32]
[42,43,22]
[18,46,30]
[32,16,19]
[25,32,24]
[36,33,36]
[30,37,34]
[29,22,25]
[17,40,34]
[44,20,19]
[29,28,19]
[41,20,37]
[35,46,23]
[24,31,24]
[45,43,21]
[28,40,24]
[44,40,24]
[26,31,20]
[46,19,17]
[19,28,41]
[34,36,33]
[45,39,17]
[20,22,39]
]
[
[0,0,0]
[37,22,21]
[22,16,43]
[24,26,17]
[17,26,20]
[23,28,34]
[44,26,26]
[45,20,34]
[44,23,39]
[40,47,38]
[32,41,28]
[35,36,22]
[18,38,18]
[17,36,33]
[22,38,26]
[16,22,39]
[32,27,24]
[24,27,39]
[23,21,43]
[27,18,25]
[26,31,31]
[29,24,26]
[41,18,33]
[30,43,47]
[27,39,17]
[28,39,27]
[25,34,17]
[15,23,17]
[31,41,25]
[33,17,31]
[40,23,44]
]
[
[0,0,0]
[45,29,43]
[22,37,34]
[41,24,23]
[40,25,42]
[20,32,34]
[43,26,43]
[47,20,32]
[17,16,33]
[37,33,23]
[28,38,25]
[46,23,34]
[45,42,34]
[38,32,41]
[44,28,23]
[31,32,34]
[40,27,39]
[30,31,45]
[20,37,38]
[37,46,20]
[39,39,19]
[34,43,37]
[35,27,32]
[29,17,32]
[24,18,44]
[21,45,38]
[39,45,27]
[33,16,23]
[39,34,16]
[20,17,20]
[42,17,45]
]
[
[0,0,0]
[38,32,28]
[39,37,24]
[40,45,17]
[46,30,43]
[43,32,41]
[39,25,44]
[26,45,17]
[29,38,26]
[25,29,25]
[26,38,21]
[30,24,24]
[30,47,16]
[24,41,41]
[23,37,20]
[22,28,38]
[44,20,31]
[23,18,37]
[47,43,17]
[41,39,31]
[24,18,44]
[26,17,34]
[41,45,31]
[20,34,29]
[25,29,33]
[18,24,38]
[29,25,41]
[23,29,37]
[17,36,22]
[40,18,19]
[21,46,46]
]
[
[0,0,0]
[42,19,22]
[45,43,22]
[42,43,45]
[24,31,35]
[38,18,16]
[33,37,41]
[19,20,16]
[43,16,30]
[26,31,22]
[29,44,46]
[46,37,27]
[42,46,44]
[37,42,20]
[43,19,27]
[40,16,42]
[34,31,43]
[45,47,34]
[27,40,39]
[25,40,28]
[28,29,44]
[17,24,40]
[30,34,40]
[19,28,16]
[30,15,23]
[32,46,24]
[22,45,34]
[28,16,18]
[46,29,32]
[45,19,25]
[18,31,18]
]
[
[0,0,0]
[35,21,37]
[19,28,42]
[26,38,25]
[33,45,39]
[19,26,22]
[30,41,25]
[45,31,41]
[16,38,41]
[36,29,44]
[17,18,45]
[43,41,41]
[35,17,18]
[24,23,44]
[27,21,23]
[37,30,42]
[40,20,38]
[29,34,19]
[37,34,30]
[20,46,29]
[42,41,33]
[41,30,26]
[17,20,19]
[39,41,20]
[29,25,25]
[30,46,23]
[36,44,16]
[41,29,42]
[38,22,23]
[25,40,33]
[16,39,22]
]
[
[0,0,0]
[42,44,42]
[38,19,24]
[33,29,16]
[17,30,23]
[28,42,43]
[21,41,31]
[38,26,44]
[23,20,45]
[25,40,35]
[30,16,28]
[34,31,16]
[47,30,39]
[25,45,28]
[38,44,31]
[38,46,34]
[25,28,24]
[27,47,27]
[24,35,27]
[38,26,35]
[43,24,32]
[34,32,32]
[24,26,45]
[30,35,41]
[30,17,18]
[21,29,21]
[27,16,39]
[41,16,21]
[24,43,25]
[29,27,28]
[18,41,34]
]
[
[0,0,0]
[17,35,46]
[34,39,41]
[19,33,30]
[16,26,27]
[20,16,36]
[43,28,33]
[46,28,24]
[16,37,21]
[44,30,46]
[18,19,25]
[32,44,39]
[42,37,21]
[43,24,33]
[18,32,31]
[42,19,33]
[44,34,45]
[42,25,24]
[29,40,24]
[16,18,26]
[26,18,40]
[36,43,33]
[19,28,26]
[34,39,27]
[41,28,21]
[32,24,23]
[15,43,26]
[21,30,17]
[16,22,29]
[25,46,29]
[46,46,27]
]
[
[0,0,0]
[19,27,34]
[35,25,29]
[39,41,30]
[20,44,45]
[46,36,29]
[45,23,28]
[35,32,46]
[38,46,40]
[16,26,26]
[19,26,40]
[33,44,23]
[44,34,38]
[23,46,33]
[42,43,42]
[42,40,23]
[29,23,26]
[26,42,32]
[21,16,45]
[41,24,19]
[27,35,17]
[27,45,45]
[20,19,22]
[44,37,26]
[31,40,26]
[41,41,20]
[35,29,18]
[35,43,18]
[30,30,33]
[43,44,28]
[25,20,31]
]
[
[0,0,0]
[40,18,17]
[31,46,22]
[27,22,34]
[43,47,44]
[25,32,24]
[35,39,19]
[24,33,40]
[22,39,40]
[36,38,39]
[16,40,17]
[37,22,25]
[45,18,24]
[41,47,37]
[24,47,31]
[35,46,42]
[16,35,44]
[37,34,47]
[27,39,37]
[23,24,42]
[26,20,16]
[34,16,42]
[17,28,43]
[47,36,45]
[30,22,27]
[20,32,42]
[43,17,21]
[37,44,16]
[45,20,28]
[27,35,18]
[41,16,36]
]
[
[0,0,0]
[46,45,21]
[47,30,45]
[46,38,36]
[15,32,43]
[40,34,31]
[45,16,17]
[34,15,33]
[27,16,20]
[35,40,47]
[25,27,40]
[28,29,16]
[42,35,21]
[34,46,18]
[22,31,42]
[16,16,25]
[45,17,37]
[23,22,31]
[23,45,22]
[24,37,28]
[42,17,19]
[37,39,23]
[16,44,20]
[47,27,29]
[29,30,32]
[41,35,22]
[26,27,34]
[41,45,42]
[41,42,17]
[34,38,21]
[33,29,33]
]
[
[0,0,0]
[37,39,29]
[29,22,17]
[18,38,42]
[44,35,46]
[17,35,34]
[18,32,46]
[20,29,44]
[20,38,45]
[37,37,40]
[35,30,43]
[31,38,46]
[45,23,24]
[39,42,24]
[26,21,31]
[28,45,37]
[37,37,18]
[44,29,16]
[28,31,18]
[45,30,22]
[24,20,17]
[29,25,38]
[29,19,31]
[46,37,20]
[42,46,17]
[28,41,41]
[32,23,37]
[47,31,26]
[22,34,43]
[45,17,38]
[42,46,17]
]
[
[0,0,0]
[19,18,42]
[29,39,30]
[38,30,36]
[24,35,32]
[26,29,43]
[17,19,37]
[23,38,32]
[25,41,33]
[22,27,40]
[22,24,45]
[37,42,42]
[23,27,21]
[40,28,28]
[30,23,29]
[44,41,34]
[35,16,17]
[43,21,39]
[35,31,35]
[18,19,17]
[45,22,36]
[18,44,36]
[39,27,23]
[19,27,15]
[30,18,32]
[23,35,44]
[22,20,31]
[24,35,45]
[36,38,28]
[46,38,31]
[45,42,38]
]
[
[0,0,0]
[26,36,32]
[35,18,44]
[27,42,28]
[29,35,42]
[45,39,23]
[31,33,46]
[25,34,31]
[21,30,42]
[44,39,24]
[16,46,18]
[22,29,35]
[18,29,18]
[31,28,19]
[31,40,15]
[25,39,22]
[45,36,19]
[21,36,30]
[38,43,42]
[41,43,34]
[19,33,42]
[36,17,25]
[42,37,38]
[25,42,40]
[23,27,39]
[19,43,33]
[22,40,24]
[26,31,37]
[45,39,18]
[29,25,22]
[47,17,46]
]
[
[0,0,0]
[41,27,33]
[28,19,36]
[16,32,19]
[43,29,19]
[44,16,19]
[33,26,34]
[27,38,16]
[25,17,32]
[24,35,31]
[34,36,45]
[37,34,40]
[22,30,38]
[22,45,39]
[38,37,44]
[44,42,19]
[20,37,16]
[16,38,29]
[47,39,19]
[47,16,30]
[46,43,33]
[30,23,30]
[46,36,47]
[24,17,23]
[40,32,18]
[16,46,29]
[39,35,23]
[40,37,32]
[37,31,19]
[18,26,28]
[27,23,39]
]
[
[0,0,0]
[17,22,43]
[27,31,18]
[42,17,36]
[21,39,28]
[44,16,34]
[22,18,45]
[36,22,46]
[28,19,28]
[23,46,25]
[16,47,16]
[27,36,36]
[21,45,34]
[46,34,28]
[40,21,44]
[19,39,45]
[30,34,30]
[17,35,43]
[47,38,23]
[18,18,19]
[26,45,43]
[21,20,31]
[30,29,24]
[20,28,38]
[35,30,33]
[22,45,41]
[33,24,39]
[34,40,17]
[27,33,20]
[23,30,43]
[28,45,16]
]
];
d = [0,777,739,749,574,811,786,752,753,784,714,771,690,803,775,810,808,812,759,807,627,783,777,771,565,746,791,598,782,765,806];
tP=[0,60,18,82,95,37,75,63,30,90,38,70,66,68,30,65,30,66,78,30,64,9,2,47,19,47,22,49,81,5,51];
eP=[0,8,53,99,10,0,39,72,6,83,97,26,42,12,15,95,30,70,50,38,81,83,87,61,38,97,87,22,87,6,23];
