nMachines = 3;
nJobs = 30;
p = [
[0,0,0]
[119, 143, 79]
[118, 61, 97]
[91, 129, 109]
[57, 69, 136]
[83, 74, 127]
[134, 132, 51]
[141, 93, 74]
[80, 103, 72]
[143, 69, 134]
[54, 126, 108]
[56, 141, 51]
[72, 149, 64]
[73, 67, 68]
[111, 62, 81]
[92, 149, 68]
[60, 75, 120]
[77, 85, 126]
[51, 63, 136]
[129, 138, 91]
[51, 126, 69]
[125, 52, 109]
[136, 135, 125]
[113, 128, 118]
[140, 114, 66]
[118, 64, 99]
[138, 120, 87]
[139, 74, 133]
[129, 51, 102]
[99, 75, 61]
[64, 142, 68]
];
s = [
[
[0,0,0]
[0,0,0]
[0,0,0]
[0,0,0]
[0,0,0]
[0,0,0]
[0,0,0]
[0,0,0]
[0,0,0]
[0,0,0]
[0,0,0]
[0,0,0]
[0,0,0]
[0,0,0]
[0,0,0]
[0,0,0]
[0,0,0]
[0,0,0]
[0,0,0]
[0,0,0]
[0,0,0]
[0,0,0]
[0,0,0]
[0,0,0]
[0,0,0]
[0,0,0]
[0,0,0]
[0,0,0]
[0,0,0]
[0,0,0]
[0,0,0]
]
[
[0,0,0]
[18,27,47]
[34,27,33]
[46,39,33]
[20,35,25]
[42,26,23]
[45,29,33]
[35,27,31]
[27,38,39]
[27,28,23]
[46,34,46]
[29,27,22]
[32,37,30]
[16,39,25]
[43,47,18]
[29,25,25]
[26,46,28]
[29,22,45]
[40,18,44]
[28,30,31]
[42,44,48]
[48,38,46]
[36,32,22]
[43,38,18]
[32,37,34]
[20,19,46]
[39,18,29]
[46,29,42]
[18,28,41]
[17,34,23]
[41,22,25]
]
[
[0,0,0]
[25,38,21]
[28,27,21]
[46,16,41]
[35,19,45]
[27,48,23]
[20,45,40]
[29,22,26]
[43,28,25]
[40,18,42]
[20,18,21]
[31,30,29]
[47,24,39]
[31,48,33]
[45,32,32]
[34,43,26]
[19,26,45]
[40,43,16]
[16,48,16]
[28,35,39]
[18,16,17]
[40,32,35]
[43,16,36]
[35,22,23]
[23,38,18]
[21,38,36]
[19,40,25]
[48,26,45]
[17,22,20]
[20,19,42]
[38,26,25]
]
[
[0,0,0]
[26,29,37]
[33,37,47]
[26,43,30]
[40,48,37]
[43,46,31]
[39,22,20]
[39,46,36]
[32,39,33]
[43,21,30]
[42,47,45]
[25,17,35]
[47,24,35]
[16,23,35]
[46,16,40]
[41,44,46]
[29,19,29]
[31,28,29]
[48,48,32]
[41,47,27]
[28,30,27]
[48,18,17]
[22,27,34]
[45,47,32]
[26,43,45]
[38,41,32]
[36,44,20]
[18,47,16]
[36,21,24]
[25,37,24]
[31,36,43]
]
[
[0,0,0]
[16,42,27]
[39,19,24]
[41,18,48]
[22,34,27]
[42,44,45]
[28,20,47]
[16,45,41]
[29,22,17]
[45,30,42]
[46,44,17]
[30,37,47]
[23,36,22]
[28,20,46]
[19,47,47]
[31,17,34]
[37,40,34]
[47,29,40]
[21,44,31]
[20,28,48]
[36,44,20]
[36,48,16]
[36,24,30]
[20,43,36]
[18,33,21]
[43,39,16]
[45,17,23]
[27,28,27]
[36,39,27]
[44,37,16]
[46,20,39]
]
[
[0,0,0]
[40,33,18]
[25,32,23]
[47,30,30]
[19,38,16]
[46,19,18]
[22,44,28]
[25,46,36]
[27,43,45]
[19,22,30]
[39,47,42]
[46,23,29]
[22,37,21]
[45,29,42]
[18,16,34]
[35,21,47]
[46,35,34]
[27,48,22]
[47,26,21]
[41,19,31]
[17,28,23]
[44,39,34]
[38,32,40]
[27,46,30]
[18,19,17]
[26,36,24]
[29,29,23]
[48,31,16]
[25,17,23]
[37,16,24]
[23,45,49]
]
[
[0,0,0]
[48,45,24]
[34,41,37]
[23,18,33]
[20,23,48]
[18,28,20]
[31,17,29]
[35,30,19]
[24,21,32]
[19,27,37]
[18,37,16]
[32,26,27]
[41,18,48]
[23,38,25]
[30,39,20]
[22,16,19]
[24,48,40]
[17,33,30]
[32,20,23]
[29,31,28]
[40,30,30]
[18,17,25]
[35,27,34]
[34,22,48]
[46,25,48]
[41,21,17]
[43,29,43]
[36,48,38]
[44,22,34]
[40,25,37]
[27,24,24]
]
[
[0,0,0]
[43,41,43]
[30,42,17]
[31,46,38]
[17,34,28]
[39,23,34]
[40,40,42]
[37,39,41]
[26,38,39]
[17,22,35]
[36,37,26]
[44,39,18]
[41,30,23]
[45,16,44]
[48,31,43]
[35,47,37]
[18,33,35]
[27,16,44]
[25,48,40]
[25,28,41]
[31,47,23]
[17,19,26]
[25,34,41]
[37,45,47]
[17,43,20]
[25,34,26]
[31,22,29]
[22,23,21]
[21,36,44]
[19,48,35]
[41,43,25]
]
[
[0,0,0]
[24,26,22]
[28,29,17]
[21,39,27]
[37,33,34]
[33,48,44]
[28,46,23]
[20,22,40]
[42,23,39]
[36,40,25]
[43,33,32]
[34,24,39]
[38,27,34]
[46,34,27]
[26,22,19]
[24,36,35]
[20,28,45]
[41,29,23]
[31,43,39]
[47,42,24]
[20,32,18]
[43,38,17]
[17,25,41]
[46,36,48]
[40,48,43]
[36,18,43]
[30,34,41]
[36,23,29]
[39,39,18]
[35,45,43]
[43,46,26]
]
[
[0,0,0]
[21,18,47]
[17,28,17]
[31,38,38]
[41,32,30]
[36,22,28]
[23,46,42]
[40,48,48]
[37,21,41]
[47,22,27]
[22,44,29]
[34,43,17]
[37,44,44]
[18,38,39]
[42,35,19]
[17,39,47]
[23,27,24]
[42,32,24]
[44,30,42]
[18,48,39]
[29,42,46]
[33,29,40]
[27,47,21]
[35,41,32]
[33,35,41]
[48,30,43]
[19,34,43]
[42,18,23]
[28,41,29]
[45,44,27]
[47,42,28]
]
[
[0,0,0]
[21,30,20]
[39,44,33]
[25,22,36]
[19,45,30]
[34,41,23]
[40,34,39]
[22,32,41]
[20,24,20]
[19,39,42]
[22,37,47]
[30,29,40]
[31,48,19]
[43,26,37]
[21,38,44]
[21,43,41]
[28,45,32]
[36,33,22]
[16,24,42]
[35,42,47]
[36,21,25]
[28,28,40]
[28,40,30]
[27,40,44]
[36,42,19]
[41,25,21]
[40,28,37]
[37,17,42]
[18,20,43]
[35,23,46]
[33,44,19]
]
[
[0,0,0]
[40,32,38]
[19,28,46]
[41,24,36]
[41,36,20]
[19,24,48]
[32,31,39]
[28,38,28]
[31,18,44]
[24,34,45]
[18,38,28]
[36,23,46]
[38,17,39]
[35,21,18]
[28,25,35]
[43,47,24]
[37,25,22]
[23,19,48]
[25,41,33]
[45,46,25]
[39,38,25]
[43,36,31]
[28,33,34]
[22,42,35]
[27,43,30]
[32,19,46]
[25,37,38]
[17,46,44]
[19,21,33]
[18,48,36]
[33,38,25]
]
[
[0,0,0]
[46,35,16]
[42,44,31]
[46,37,19]
[36,46,46]
[18,40,17]
[27,23,38]
[32,41,22]
[27,31,37]
[24,47,36]
[29,26,26]
[20,19,48]
[40,25,33]
[46,30,26]
[37,18,40]
[24,30,47]
[48,35,27]
[42,28,47]
[22,45,21]
[47,41,37]
[28,20,23]
[28,47,40]
[37,17,42]
[17,19,17]
[21,44,43]
[25,35,40]
[36,29,24]
[19,36,18]
[24,17,33]
[43,41,23]
[32,44,38]
]
[
[0,0,0]
[16,43,22]
[16,35,19]
[31,17,48]
[35,36,19]
[32,43,28]
[38,27,38]
[33,20,27]
[24,21,20]
[24,39,25]
[26,49,44]
[25,35,29]
[44,20,38]
[19,41,16]
[27,22,31]
[28,20,20]
[24,28,34]
[27,31,42]
[41,35,20]
[33,44,29]
[27,46,46]
[19,20,40]
[26,35,45]
[44,26,17]
[32,29,28]
[46,48,25]
[26,19,20]
[24,38,20]
[21,20,44]
[41,29,40]
[22,21,32]
]
[
[0,0,0]
[45,47,22]
[42,22,22]
[38,34,28]
[32,45,34]
[23,41,47]
[23,34,33]
[19,29,29]
[40,18,30]
[45,20,44]
[43,23,21]
[39,35,45]
[38,44,19]
[26,20,22]
[41,48,18]
[28,44,32]
[28,19,18]
[21,45,43]
[22,38,41]
[28,44,47]
[17,46,37]
[36,29,47]
[29,20,45]
[25,41,40]
[40,32,35]
[24,29,23]
[34,47,31]
[45,34,25]
[27,18,28]
[31,30,18]
[47,40,41]
]
[
[0,0,0]
[34,37,22]
[48,44,36]
[24,23,38]
[29,29,44]
[44,19,18]
[34,21,44]
[23,46,30]
[40,37,22]
[32,30,41]
[23,31,24]
[45,23,42]
[35,30,19]
[41,18,17]
[38,28,47]
[42,27,43]
[44,19,25]
[41,19,43]
[38,46,35]
[43,35,23]
[16,19,37]
[25,39,34]
[37,35,36]
[42,48,35]
[40,20,29]
[28,24,37]
[34,39,42]
[47,34,27]
[28,42,46]
[37,29,19]
[46,22,37]
]
[
[0,0,0]
[27,45,21]
[42,43,45]
[42,16,25]
[23,17,43]
[22,48,30]
[19,28,28]
[31,25,24]
[35,31,34]
[33,31,46]
[48,31,44]
[30,48,23]
[28,31,30]
[47,36,16]
[30,38,33]
[18,27,48]
[24,43,44]
[31,41,26]
[45,47,38]
[16,33,38]
[37,38,25]
[48,16,26]
[35,43,45]
[34,47,21]
[46,32,18]
[33,21,36]
[30,27,39]
[43,18,22]
[33,44,25]
[29,29,33]
[31,43,19]
]
[
[0,0,0]
[48,43,30]
[22,32,41]
[39,44,37]
[19,48,44]
[32,28,34]
[24,22,26]
[36,35,25]
[21,46,39]
[19,41,37]
[29,31,37]
[33,29,17]
[42,38,19]
[41,35,36]
[38,27,48]
[38,25,44]
[23,46,19]
[35,23,42]
[42,45,26]
[28,42,29]
[27,17,42]
[47,49,36]
[45,40,20]
[26,41,41]
[39,20,40]
[30,26,18]
[45,23,36]
[48,38,21]
[22,44,23]
[31,32,32]
[20,48,23]
]
[
[0,0,0]
[41,35,39]
[26,45,19]
[47,31,34]
[20,32,20]
[32,42,41]
[24,19,33]
[41,39,40]
[26,20,46]
[42,46,30]
[42,20,44]
[47,31,30]
[16,17,32]
[30,20,48]
[33,39,23]
[41,16,20]
[21,48,29]
[47,24,34]
[24,26,28]
[26,23,40]
[27,30,20]
[28,42,18]
[17,45,41]
[32,38,24]
[43,23,16]
[41,27,25]
[24,22,21]
[31,19,33]
[35,26,33]
[19,41,23]
[30,47,45]
]
[
[0,0,0]
[29,25,36]
[37,20,37]
[22,37,31]
[41,29,32]
[23,42,30]
[26,46,41]
[39,31,37]
[45,18,41]
[38,25,19]
[44,22,45]
[16,48,21]
[35,25,40]
[23,20,19]
[40,44,26]
[47,20,44]
[41,37,24]
[38,25,36]
[20,21,39]
[42,24,33]
[26,19,18]
[23,46,20]
[43,34,26]
[30,39,35]
[31,21,32]
[18,42,25]
[45,38,18]
[18,33,35]
[27,43,31]
[29,30,30]
[45,28,30]
]
[
[0,0,0]
[46,23,44]
[40,26,46]
[22,16,41]
[30,28,21]
[41,30,17]
[35,42,20]
[38,29,23]
[18,20,35]
[38,19,23]
[44,33,32]
[22,49,29]
[26,31,45]
[41,48,45]
[32,43,24]
[23,19,45]
[31,31,43]
[31,46,40]
[33,31,26]
[34,42,23]
[25,19,40]
[23,29,23]
[40,17,38]
[36,38,27]
[46,46,44]
[41,38,29]
[46,24,28]
[25,39,18]
[37,19,23]
[27,18,19]
[41,46,19]
]
[
[0,0,0]
[21,38,20]
[28,45,39]
[28,16,34]
[33,22,40]
[30,17,33]
[39,23,39]
[30,22,42]
[20,41,23]
[26,20,46]
[34,19,16]
[28,40,35]
[45,18,42]
[32,25,47]
[43,24,19]
[21,35,17]
[44,36,42]
[24,33,19]
[24,29,47]
[18,22,33]
[24,25,22]
[30,47,24]
[37,35,36]
[26,30,18]
[46,45,18]
[31,30,23]
[39,21,17]
[35,17,43]
[22,17,21]
[41,23,24]
[33,46,18]
]
[
[0,0,0]
[24,31,41]
[41,30,36]
[21,25,37]
[32,44,48]
[48,18,17]
[39,21,21]
[27,39,27]
[20,43,43]
[28,35,42]
[30,22,41]
[25,35,23]
[26,35,41]
[21,44,28]
[46,33,38]
[34,40,48]
[38,20,40]
[29,32,40]
[45,29,17]
[32,35,48]
[19,40,22]
[25,20,30]
[32,24,21]
[31,41,31]
[28,40,36]
[43,44,39]
[47,28,30]
[23,47,32]
[44,39,41]
[38,35,25]
[25,40,21]
]
[
[0,0,0]
[30,22,40]
[27,40,46]
[16,22,17]
[19,28,19]
[44,35,45]
[19,19,44]
[18,27,19]
[22,34,47]
[42,34,25]
[18,17,16]
[30,31,36]
[35,41,18]
[28,17,44]
[17,33,44]
[42,21,35]
[36,36,34]
[40,35,22]
[28,41,44]
[38,18,25]
[19,38,34]
[20,18,36]
[16,41,40]
[36,22,28]
[39,26,48]
[39,16,26]
[22,40,20]
[37,37,28]
[33,18,39]
[43,21,36]
[19,45,28]
]
[
[0,0,0]
[40,48,36]
[35,25,34]
[40,22,48]
[33,38,23]
[19,17,17]
[19,29,35]
[34,20,29]
[47,26,44]
[21,17,42]
[47,48,26]
[31,16,18]
[45,21,28]
[21,18,28]
[23,36,39]
[32,23,46]
[34,38,19]
[33,40,37]
[45,41,32]
[17,44,33]
[33,26,21]
[25,28,22]
[24,34,26]
[44,27,21]
[27,46,25]
[41,48,48]
[20,29,30]
[46,25,37]
[30,22,47]
[43,48,40]
[20,45,43]
]
[
[0,0,0]
[46,43,46]
[38,21,27]
[31,35,42]
[20,36,18]
[30,38,24]
[28,36,17]
[42,39,28]
[24,26,47]
[31,48,22]
[43,16,42]
[36,22,17]
[41,20,18]
[27,25,31]
[36,26,33]
[26,35,25]
[25,27,31]
[37,44,30]
[19,32,28]
[35,28,32]
[18,25,28]
[20,24,29]
[39,18,26]
[17,33,23]
[33,23,43]
[33,23,29]
[27,18,42]
[39,29,34]
[20,47,37]
[32,37,37]
[30,19,44]
]
[
[0,0,0]
[39,28,44]
[30,36,36]
[29,30,41]
[28,34,41]
[26,25,40]
[24,37,43]
[27,25,36]
[31,19,17]
[22,41,37]
[47,46,44]
[17,36,40]
[37,17,20]
[31,28,20]
[23,41,38]
[30,29,34]
[35,48,42]
[45,37,48]
[18,18,46]
[48,16,33]
[39,29,37]
[44,22,24]
[46,35,27]
[19,47,46]
[32,18,30]
[39,18,45]
[42,25,17]
[48,33,32]
[47,46,41]
[24,18,28]
[37,31,17]
]
[
[0,0,0]
[47,22,45]
[39,16,25]
[25,45,27]
[48,36,39]
[16,25,24]
[32,36,34]
[18,42,29]
[25,19,32]
[37,27,37]
[34,17,29]
[33,40,38]
[30,26,22]
[29,41,33]
[44,46,42]
[33,46,38]
[38,19,43]
[38,38,41]
[40,36,34]
[47,30,37]
[36,16,45]
[21,44,28]
[19,17,17]
[45,28,46]
[21,47,40]
[17,44,32]
[18,29,39]
[16,41,21]
[23,36,17]
[29,31,45]
[42,43,26]
]
[
[0,0,0]
[44,48,25]
[20,29,31]
[32,25,41]
[45,27,32]
[17,45,43]
[20,21,42]
[31,48,43]
[28,25,24]
[26,21,27]
[41,39,41]
[22,38,40]
[34,22,27]
[32,30,40]
[16,22,28]
[25,39,33]
[23,16,23]
[43,48,49]
[40,23,18]
[21,23,39]
[44,39,47]
[46,44,46]
[20,21,24]
[16,43,42]
[35,47,16]
[48,32,28]
[22,25,47]
[22,48,37]
[37,25,31]
[35,40,21]
[20,25,30]
]
[
[0,0,0]
[35,37,34]
[38,36,21]
[35,28,34]
[26,32,27]
[41,34,24]
[35,48,38]
[34,36,42]
[21,30,19]
[37,16,33]
[46,25,46]
[21,31,17]
[39,44,44]
[20,37,37]
[42,22,34]
[18,39,48]
[36,28,30]
[18,33,22]
[36,23,32]
[25,23,27]
[47,18,39]
[36,42,33]
[22,18,39]
[25,44,27]
[44,23,23]
[26,39,44]
[28,36,48]
[37,36,35]
[48,26,41]
[20,22,21]
[34,41,25]
]
[
[0,0,0]
[32,31,34]
[21,47,34]
[40,48,35]
[46,45,22]
[26,16,45]
[36,18,32]
[16,32,34]
[37,24,37]
[16,31,31]
[41,29,18]
[19,39,21]
[31,33,25]
[34,40,20]
[20,20,31]
[44,32,48]
[36,39,22]
[32,21,29]
[29,45,43]
[47,20,28]
[27,39,45]
[29,33,38]
[33,24,19]
[21,19,30]
[25,24,29]
[20,26,43]
[17,41,34]
[16,27,41]
[17,31,21]
[30,17,24]
[28,40,44]
]
];
d = [0,810,799,831,824,812,663,790,747,829,840,824,771,824,786,681,807,774,786,773,761,840,659,700,806,826,789,595,816,622,792];
tP=[0,19,37,39,68,51,28,23,2,56,65,64,78,71,79,53,17,24,88,38,15,7,84,29,76,53,49,69,83,97,33];
eP=[0,3,96,90,47,43,31,42,9,76,67,86,32,84,65,98,56,31,50,48,42,96,40,36,17,76,35,40,94,27,16];
