nMachines = 3;
nJobs = 30;
p = [
[0,0,0]
[86, 148, 71]
[122, 115, 86]
[149, 124, 145]
[77, 88, 64]
[141, 53, 53]
[88, 141, 138]
[101, 66, 130]
[65, 77, 104]
[95, 114, 109]
[120, 132, 144]
[91, 139, 56]
[89, 54, 65]
[145, 126, 144]
[72, 111, 115]
[96, 73, 142]
[53, 88, 94]
[115, 70, 90]
[71, 117, 74]
[104, 138, 71]
[121, 58, 144]
[76, 75, 136]
[145, 70, 95]
[105, 116, 144]
[102, 68, 67]
[51, 99, 134]
[57, 50, 113]
[82, 137, 87]
[82, 67, 145]
[77, 127, 107]
[105, 147, 111]
];
s = [
[
[0,0,0]
[0,0,0]
[0,0,0]
[0,0,0]
[0,0,0]
[0,0,0]
[0,0,0]
[0,0,0]
[0,0,0]
[0,0,0]
[0,0,0]
[0,0,0]
[0,0,0]
[0,0,0]
[0,0,0]
[0,0,0]
[0,0,0]
[0,0,0]
[0,0,0]
[0,0,0]
[0,0,0]
[0,0,0]
[0,0,0]
[0,0,0]
[0,0,0]
[0,0,0]
[0,0,0]
[0,0,0]
[0,0,0]
[0,0,0]
[0,0,0]
]
[
[0,0,0]
[28,20,21]
[22,33,33]
[41,31,46]
[18,42,41]
[31,25,25]
[22,35,45]
[47,42,26]
[29,45,41]
[32,28,35]
[48,26,17]
[32,31,22]
[37,35,21]
[20,38,47]
[33,20,18]
[30,49,42]
[20,23,46]
[19,29,37]
[18,45,26]
[44,24,41]
[36,39,26]
[44,36,18]
[49,35,18]
[31,32,16]
[18,23,46]
[20,25,21]
[48,30,22]
[19,18,40]
[39,31,18]
[20,46,20]
[49,40,19]
]
[
[0,0,0]
[46,20,43]
[29,19,29]
[17,24,40]
[46,32,18]
[32,30,30]
[37,28,24]
[50,21,44]
[43,38,27]
[30,47,33]
[43,36,33]
[43,28,43]
[49,37,23]
[21,40,18]
[18,21,23]
[43,35,27]
[46,40,27]
[27,41,20]
[41,35,40]
[28,29,40]
[40,49,25]
[23,35,49]
[35,26,24]
[28,27,35]
[49,38,46]
[26,46,24]
[24,19,27]
[35,32,24]
[20,40,29]
[28,39,35]
[24,21,17]
]
[
[0,0,0]
[26,36,49]
[45,27,45]
[45,41,30]
[42,44,50]
[30,21,40]
[32,35,31]
[27,18,47]
[48,29,39]
[17,40,26]
[44,18,24]
[43,18,49]
[46,19,48]
[27,44,45]
[25,24,45]
[17,29,31]
[40,42,19]
[36,46,38]
[25,33,41]
[43,26,20]
[21,47,28]
[48,28,36]
[43,30,17]
[21,33,40]
[23,19,25]
[34,42,47]
[49,50,31]
[35,34,43]
[44,21,49]
[25,27,33]
[42,49,30]
]
[
[0,0,0]
[39,34,46]
[34,45,47]
[30,36,37]
[29,27,17]
[18,27,48]
[37,17,49]
[26,49,50]
[28,39,18]
[36,23,36]
[24,23,42]
[42,33,37]
[21,41,23]
[43,18,37]
[42,23,20]
[50,37,24]
[17,37,41]
[32,42,40]
[34,17,24]
[21,42,41]
[20,28,19]
[44,19,44]
[47,50,33]
[29,20,46]
[50,39,19]
[18,35,23]
[31,29,19]
[21,35,23]
[31,34,32]
[38,35,30]
[22,21,22]
]
[
[0,0,0]
[33,26,21]
[17,34,35]
[47,22,25]
[35,28,44]
[30,39,20]
[36,37,30]
[24,30,29]
[35,41,41]
[43,46,47]
[42,40,47]
[37,30,39]
[30,29,39]
[38,30,28]
[47,26,39]
[47,35,19]
[37,36,16]
[42,34,22]
[21,41,38]
[26,22,30]
[35,33,46]
[36,26,22]
[21,32,44]
[36,40,37]
[38,45,22]
[17,45,28]
[36,18,35]
[29,19,22]
[20,49,35]
[22,42,42]
[35,29,44]
]
[
[0,0,0]
[21,40,24]
[30,21,36]
[22,18,40]
[40,17,28]
[38,32,24]
[26,27,20]
[29,36,44]
[22,21,49]
[23,47,25]
[40,28,22]
[27,41,22]
[43,28,48]
[30,42,22]
[45,37,19]
[46,33,17]
[38,28,48]
[22,31,23]
[31,43,42]
[38,38,34]
[39,21,20]
[22,25,37]
[21,47,25]
[45,19,33]
[28,20,33]
[16,21,29]
[22,26,19]
[48,30,27]
[27,41,19]
[41,31,19]
[33,42,38]
]
[
[0,0,0]
[43,28,30]
[34,43,28]
[22,34,22]
[17,48,24]
[32,39,28]
[30,22,41]
[28,35,31]
[34,23,28]
[40,22,35]
[49,23,17]
[44,19,33]
[30,40,38]
[18,41,25]
[42,44,37]
[42,45,37]
[36,48,29]
[27,28,39]
[44,21,33]
[49,42,39]
[28,33,23]
[49,25,41]
[27,23,26]
[34,44,42]
[25,41,28]
[25,34,37]
[27,34,27]
[27,32,21]
[49,31,37]
[47,40,40]
[23,37,21]
]
[
[0,0,0]
[45,35,34]
[44,34,25]
[50,21,34]
[18,33,35]
[49,44,18]
[37,27,30]
[41,41,38]
[40,42,45]
[48,31,40]
[42,27,38]
[25,28,26]
[22,18,22]
[33,44,39]
[33,22,34]
[42,37,42]
[39,28,44]
[31,40,20]
[27,21,32]
[31,36,49]
[29,31,31]
[27,44,21]
[48,24,35]
[43,31,25]
[30,43,22]
[36,44,25]
[17,42,42]
[35,47,36]
[40,21,18]
[20,41,43]
[49,37,41]
]
[
[0,0,0]
[45,30,18]
[41,19,36]
[23,42,47]
[23,47,27]
[23,45,40]
[26,18,45]
[37,29,25]
[49,17,23]
[32,46,34]
[39,35,41]
[27,28,39]
[32,26,19]
[46,43,44]
[22,37,17]
[36,22,25]
[33,30,41]
[33,17,24]
[23,31,49]
[39,29,36]
[19,27,27]
[45,31,21]
[17,37,31]
[20,27,26]
[18,19,28]
[42,29,49]
[47,44,18]
[41,36,45]
[36,25,41]
[50,22,32]
[17,48,17]
]
[
[0,0,0]
[37,22,21]
[33,37,31]
[19,48,45]
[29,49,26]
[23,44,32]
[42,43,33]
[25,36,32]
[48,41,18]
[20,44,41]
[29,24,17]
[45,41,25]
[37,49,26]
[31,41,32]
[31,34,33]
[25,24,21]
[19,38,40]
[33,17,31]
[27,45,45]
[49,48,21]
[33,40,32]
[49,38,34]
[49,49,26]
[41,47,32]
[49,18,34]
[49,22,30]
[34,45,43]
[50,42,17]
[17,33,20]
[17,22,45]
[20,18,42]
]
[
[0,0,0]
[38,31,38]
[41,23,32]
[19,29,23]
[34,48,18]
[33,40,28]
[25,22,24]
[39,20,27]
[21,43,37]
[36,27,25]
[35,30,46]
[36,47,44]
[20,30,30]
[26,40,23]
[20,33,42]
[30,26,42]
[37,22,36]
[45,45,27]
[32,49,17]
[34,21,49]
[22,17,20]
[46,42,18]
[43,43,21]
[20,40,40]
[24,19,27]
[39,49,46]
[48,40,35]
[17,18,20]
[34,27,21]
[27,28,48]
[31,30,32]
]
[
[0,0,0]
[17,25,44]
[23,20,50]
[21,29,23]
[31,33,24]
[33,21,41]
[21,34,28]
[26,32,20]
[47,46,39]
[29,27,19]
[45,19,45]
[43,44,43]
[18,47,48]
[47,48,44]
[24,20,25]
[24,28,21]
[21,42,22]
[18,28,49]
[46,21,18]
[23,50,37]
[22,19,33]
[29,33,26]
[31,33,46]
[37,21,24]
[38,36,27]
[26,36,22]
[26,33,34]
[44,49,17]
[30,19,40]
[18,39,25]
[45,45,31]
]
[
[0,0,0]
[46,47,47]
[37,24,27]
[45,17,33]
[31,22,26]
[37,23,38]
[33,39,31]
[40,22,18]
[26,36,25]
[33,21,30]
[42,42,40]
[48,19,30]
[34,30,42]
[23,41,34]
[42,30,45]
[32,28,33]
[41,22,19]
[28,48,31]
[40,38,24]
[31,32,46]
[32,36,20]
[33,18,45]
[31,48,48]
[42,39,19]
[28,38,28]
[22,29,24]
[18,40,43]
[44,30,40]
[36,39,18]
[23,33,20]
[48,25,23]
]
[
[0,0,0]
[17,19,24]
[39,24,36]
[40,30,26]
[35,28,28]
[37,27,43]
[22,45,25]
[39,33,49]
[38,35,42]
[31,28,48]
[42,43,31]
[30,38,33]
[28,44,16]
[49,22,18]
[42,30,44]
[45,18,30]
[25,25,40]
[23,42,49]
[40,28,38]
[46,22,21]
[35,36,25]
[48,26,25]
[22,28,30]
[23,37,47]
[30,17,22]
[20,38,39]
[28,25,32]
[27,22,18]
[26,22,28]
[40,18,27]
[19,36,19]
]
[
[0,0,0]
[25,23,35]
[18,28,27]
[38,19,28]
[29,41,31]
[46,25,29]
[31,16,31]
[43,27,26]
[39,43,41]
[16,44,38]
[26,29,36]
[47,17,23]
[30,36,37]
[28,26,19]
[17,45,42]
[31,36,49]
[39,20,18]
[43,34,47]
[47,48,37]
[45,23,42]
[48,42,44]
[25,24,31]
[21,29,39]
[30,36,46]
[24,49,44]
[24,17,35]
[38,37,46]
[44,44,25]
[17,37,17]
[18,24,25]
[27,31,23]
]
[
[0,0,0]
[43,20,18]
[28,44,25]
[41,26,34]
[20,16,43]
[28,22,40]
[46,29,30]
[39,23,36]
[18,32,36]
[22,17,46]
[29,22,27]
[44,45,27]
[32,47,42]
[33,41,44]
[37,46,35]
[47,50,32]
[49,17,50]
[26,27,45]
[29,43,18]
[34,41,30]
[31,26,41]
[34,32,21]
[40,50,40]
[47,17,24]
[45,50,30]
[36,38,46]
[23,41,47]
[23,45,37]
[22,33,49]
[35,26,42]
[24,42,21]
]
[
[0,0,0]
[25,31,34]
[28,35,16]
[47,19,19]
[48,18,23]
[40,40,46]
[34,30,24]
[30,36,49]
[45,37,20]
[49,48,38]
[43,40,19]
[46,30,35]
[34,30,27]
[46,38,27]
[39,34,29]
[41,48,20]
[18,17,48]
[18,24,30]
[28,38,17]
[28,47,39]
[21,17,22]
[35,20,34]
[35,20,28]
[32,43,43]
[44,27,49]
[32,39,24]
[37,41,41]
[45,47,22]
[21,48,26]
[44,18,25]
[35,34,49]
]
[
[0,0,0]
[42,24,34]
[31,17,48]
[39,25,28]
[36,39,48]
[30,38,17]
[41,42,28]
[17,20,24]
[25,28,47]
[26,39,43]
[36,19,31]
[23,34,23]
[42,16,18]
[41,36,37]
[46,22,46]
[38,25,41]
[31,39,42]
[35,27,34]
[37,39,41]
[42,44,36]
[40,28,24]
[33,40,44]
[23,46,48]
[36,24,49]
[29,41,24]
[20,48,39]
[48,17,33]
[18,29,48]
[33,39,30]
[19,42,25]
[22,38,33]
]
[
[0,0,0]
[44,47,34]
[27,46,40]
[37,44,42]
[29,38,31]
[49,24,17]
[27,39,19]
[48,34,33]
[42,18,48]
[39,43,32]
[34,35,44]
[32,26,20]
[39,41,39]
[20,35,36]
[18,19,47]
[42,24,48]
[49,37,29]
[36,30,37]
[30,36,18]
[39,16,18]
[43,33,44]
[44,23,26]
[41,28,17]
[48,47,20]
[31,34,42]
[34,37,39]
[33,23,31]
[30,23,49]
[19,24,21]
[48,29,27]
[43,27,47]
]
[
[0,0,0]
[47,38,23]
[17,32,46]
[45,40,27]
[36,28,26]
[21,21,35]
[44,17,41]
[27,43,48]
[28,27,50]
[32,24,48]
[26,46,36]
[46,46,24]
[43,29,16]
[23,43,17]
[32,19,19]
[23,48,47]
[32,30,36]
[18,29,43]
[26,43,18]
[45,40,29]
[38,23,32]
[30,27,38]
[47,37,37]
[45,47,20]
[19,21,19]
[46,30,29]
[42,18,47]
[20,30,44]
[41,30,18]
[26,48,37]
[29,43,47]
]
[
[0,0,0]
[31,24,22]
[26,29,18]
[21,30,44]
[18,38,18]
[45,22,26]
[17,42,32]
[33,32,49]
[39,42,28]
[46,32,17]
[26,24,38]
[31,25,40]
[50,32,35]
[17,45,17]
[46,36,47]
[42,19,38]
[25,44,35]
[19,42,27]
[28,36,31]
[43,29,36]
[46,33,47]
[26,44,35]
[22,25,31]
[37,37,21]
[20,35,24]
[39,24,23]
[38,22,48]
[32,24,19]
[25,32,40]
[30,35,37]
[46,35,31]
]
[
[0,0,0]
[30,29,41]
[24,33,30]
[45,27,28]
[41,20,38]
[32,47,28]
[33,32,23]
[32,33,26]
[45,50,46]
[33,41,36]
[31,28,19]
[49,19,33]
[38,35,33]
[31,34,27]
[33,48,41]
[48,25,21]
[37,36,31]
[44,43,31]
[19,39,39]
[24,29,34]
[42,27,46]
[38,19,48]
[25,22,44]
[30,20,41]
[39,48,36]
[49,30,22]
[22,28,41]
[42,23,37]
[17,20,38]
[45,44,23]
[18,18,47]
]
[
[0,0,0]
[17,26,46]
[46,19,37]
[29,26,39]
[33,33,23]
[21,36,40]
[32,37,44]
[28,47,17]
[44,45,48]
[49,38,48]
[35,45,45]
[39,28,49]
[42,41,39]
[50,30,44]
[41,35,47]
[44,20,20]
[22,28,42]
[41,43,24]
[28,42,38]
[21,50,34]
[34,32,44]
[18,47,41]
[41,27,48]
[25,28,24]
[28,22,48]
[44,28,41]
[39,27,18]
[26,40,36]
[42,17,41]
[22,42,45]
[17,21,41]
]
[
[0,0,0]
[35,26,35]
[47,44,35]
[19,33,23]
[18,31,48]
[43,32,47]
[20,19,48]
[23,41,41]
[40,35,19]
[26,18,23]
[35,23,29]
[20,35,32]
[23,32,32]
[24,21,43]
[25,35,24]
[18,50,18]
[48,37,42]
[40,48,17]
[17,37,26]
[25,28,43]
[18,18,27]
[30,49,37]
[18,30,44]
[18,44,35]
[18,35,26]
[18,41,22]
[46,23,27]
[17,45,22]
[36,33,16]
[29,40,44]
[16,19,20]
]
[
[0,0,0]
[31,27,44]
[44,31,36]
[23,44,24]
[44,29,41]
[46,43,20]
[43,33,49]
[17,48,34]
[45,33,25]
[49,24,17]
[31,46,17]
[25,27,36]
[19,32,26]
[32,48,41]
[33,45,37]
[27,38,43]
[40,26,32]
[35,23,23]
[31,32,24]
[27,24,35]
[23,26,31]
[35,42,26]
[34,44,27]
[33,26,45]
[24,38,35]
[26,44,28]
[47,47,30]
[30,36,35]
[17,19,45]
[20,41,18]
[31,35,40]
]
[
[0,0,0]
[19,40,44]
[20,34,20]
[50,27,44]
[17,21,43]
[24,37,21]
[43,48,49]
[31,35,36]
[29,49,35]
[43,45,42]
[28,26,24]
[31,18,28]
[24,26,18]
[27,38,41]
[48,36,39]
[49,23,37]
[49,40,35]
[45,38,27]
[26,38,31]
[20,37,49]
[46,40,18]
[32,39,27]
[23,44,45]
[47,28,50]
[41,19,32]
[42,18,18]
[36,22,49]
[26,18,44]
[26,44,47]
[46,18,35]
[17,41,27]
]
[
[0,0,0]
[19,33,42]
[37,27,30]
[24,21,17]
[32,46,34]
[40,29,18]
[20,29,18]
[24,44,19]
[21,36,34]
[33,28,48]
[18,24,30]
[27,25,47]
[31,41,18]
[17,26,42]
[41,26,34]
[38,37,41]
[25,18,32]
[40,38,36]
[28,32,38]
[22,44,17]
[26,38,31]
[40,36,48]
[34,28,44]
[26,24,30]
[46,45,39]
[38,48,39]
[43,41,33]
[46,35,22]
[31,46,28]
[44,29,43]
[22,31,30]
]
[
[0,0,0]
[42,42,18]
[35,30,45]
[18,42,28]
[43,39,41]
[32,48,38]
[39,41,33]
[39,26,20]
[20,38,18]
[19,46,46]
[40,47,22]
[45,28,41]
[27,21,38]
[37,28,27]
[37,29,38]
[22,26,21]
[45,21,48]
[39,43,29]
[31,40,39]
[45,42,36]
[20,36,23]
[23,46,35]
[47,26,23]
[26,18,34]
[31,16,38]
[23,47,25]
[28,20,44]
[43,22,18]
[35,27,27]
[36,19,19]
[49,46,39]
]
[
[0,0,0]
[24,21,24]
[21,42,26]
[16,32,23]
[42,22,36]
[18,31,44]
[26,43,28]
[38,29,25]
[27,22,49]
[22,36,49]
[36,30,40]
[46,19,47]
[39,42,19]
[36,32,20]
[37,34,39]
[47,17,44]
[17,23,20]
[27,47,38]
[47,36,40]
[35,43,25]
[20,49,32]
[18,20,49]
[34,21,46]
[45,40,17]
[29,18,28]
[23,36,39]
[22,47,48]
[25,21,42]
[26,49,34]
[24,48,42]
[24,41,38]
]
[
[0,0,0]
[45,49,33]
[45,17,35]
[48,18,36]
[27,28,18]
[21,47,31]
[19,36,31]
[48,46,19]
[38,21,39]
[17,38,32]
[30,46,18]
[22,28,17]
[43,45,41]
[33,24,40]
[27,22,21]
[50,28,24]
[21,33,30]
[38,28,27]
[24,39,40]
[45,49,45]
[22,18,39]
[44,21,26]
[29,20,44]
[42,19,17]
[44,39,17]
[34,48,21]
[28,26,46]
[25,46,35]
[35,33,38]
[35,48,35]
[28,20,29]
]
];
d = [0,844,598,829,815,793,604,817,809,716,856,822,808,811,668,829,799,807,863,852,842,806,635,818,807,844,834,826,855,863,779];
tP=[0,16,86,3,28,88,94,1,17,98,98,89,70,93,59,26,41,52,27,98,57,32,35,10,99,86,87,18,35,8,64];
eP=[0,50,72,34,26,6,37,95,69,65,76,40,47,14,69,55,29,97,17,39,76,82,64,28,95,63,41,69,94,51,0];
