nMachines = 3;
nJobs = 30;
p = [
[0,0,0]
[70, 90, 141]
[136, 108, 83]
[53, 145, 66]
[70, 83, 142]
[146, 129, 52]
[115, 93, 120]
[78, 64, 82]
[148, 125, 118]
[142, 129, 124]
[126, 58, 131]
[115, 90, 126]
[66, 111, 80]
[136, 134, 88]
[94, 104, 80]
[126, 121, 87]
[113, 67, 138]
[59, 131, 116]
[94, 137, 93]
[72, 103, 145]
[55, 73, 119]
[101, 87, 106]
[125, 55, 117]
[97, 54, 61]
[95, 65, 142]
[55, 107, 107]
[77, 69, 94]
[95, 80, 113]
[56, 85, 92]
[58, 72, 56]
[108, 104, 92]
];
s = [
[
[0,0,0]
[0,0,0]
[0,0,0]
[0,0,0]
[0,0,0]
[0,0,0]
[0,0,0]
[0,0,0]
[0,0,0]
[0,0,0]
[0,0,0]
[0,0,0]
[0,0,0]
[0,0,0]
[0,0,0]
[0,0,0]
[0,0,0]
[0,0,0]
[0,0,0]
[0,0,0]
[0,0,0]
[0,0,0]
[0,0,0]
[0,0,0]
[0,0,0]
[0,0,0]
[0,0,0]
[0,0,0]
[0,0,0]
[0,0,0]
[0,0,0]
]
[
[0,0,0]
[22,49,48]
[19,39,40]
[34,22,32]
[43,36,17]
[31,28,28]
[47,20,41]
[30,20,35]
[29,35,31]
[47,28,32]
[38,26,33]
[30,42,18]
[21,49,41]
[31,20,34]
[40,27,19]
[48,25,39]
[28,28,36]
[47,41,36]
[20,38,35]
[18,27,21]
[41,24,31]
[28,43,25]
[46,40,21]
[23,20,25]
[23,19,27]
[33,47,34]
[44,31,46]
[18,44,17]
[31,27,20]
[41,32,46]
[20,18,24]
]
[
[0,0,0]
[38,39,16]
[20,39,40]
[18,49,16]
[39,48,48]
[38,28,17]
[22,47,19]
[23,20,17]
[27,26,37]
[46,34,17]
[42,38,48]
[48,46,38]
[40,19,41]
[47,47,19]
[28,31,37]
[40,22,31]
[47,34,45]
[29,38,31]
[29,21,41]
[18,23,25]
[29,49,41]
[43,18,16]
[39,28,40]
[27,28,34]
[38,34,33]
[36,40,36]
[22,38,31]
[49,27,28]
[36,33,48]
[33,19,37]
[47,21,27]
]
[
[0,0,0]
[47,46,33]
[40,34,29]
[45,21,23]
[20,42,47]
[21,45,18]
[24,31,30]
[29,48,32]
[30,48,43]
[23,42,33]
[44,45,18]
[29,30,35]
[26,48,31]
[21,27,29]
[16,19,35]
[48,25,18]
[47,46,41]
[30,45,43]
[26,44,18]
[27,46,37]
[31,24,19]
[24,17,44]
[33,21,44]
[21,28,34]
[46,37,39]
[34,49,35]
[22,44,40]
[45,41,20]
[27,22,36]
[25,21,40]
[27,36,46]
]
[
[0,0,0]
[34,16,38]
[46,31,18]
[17,36,42]
[26,44,34]
[36,16,28]
[23,25,37]
[22,47,19]
[32,44,38]
[38,17,22]
[20,27,17]
[44,35,33]
[36,37,30]
[36,46,40]
[32,42,39]
[26,42,21]
[48,16,44]
[21,40,46]
[26,37,23]
[16,45,27]
[40,22,44]
[25,42,28]
[36,26,29]
[38,43,45]
[42,30,45]
[25,48,30]
[27,48,32]
[30,35,49]
[34,27,39]
[33,21,34]
[39,22,44]
]
[
[0,0,0]
[46,41,17]
[41,18,29]
[44,34,46]
[22,39,19]
[17,39,23]
[36,39,23]
[19,47,41]
[30,21,47]
[29,35,36]
[35,32,25]
[36,44,36]
[22,37,45]
[24,36,30]
[36,29,25]
[47,30,21]
[40,19,31]
[34,19,42]
[21,24,30]
[26,18,20]
[45,45,41]
[28,40,45]
[33,38,46]
[24,17,38]
[39,26,37]
[43,35,41]
[21,26,41]
[40,35,27]
[38,33,24]
[44,36,27]
[20,47,27]
]
[
[0,0,0]
[45,28,48]
[48,20,21]
[39,44,37]
[31,31,36]
[26,21,29]
[22,37,35]
[35,28,19]
[39,17,44]
[20,43,38]
[34,45,23]
[20,35,18]
[39,48,43]
[28,23,44]
[20,30,31]
[32,22,37]
[35,49,27]
[37,17,37]
[16,48,33]
[23,40,39]
[18,20,33]
[20,48,21]
[36,45,34]
[19,46,36]
[32,17,43]
[41,34,30]
[36,17,23]
[40,34,35]
[26,18,41]
[33,34,18]
[24,20,18]
]
[
[0,0,0]
[19,48,42]
[43,38,27]
[46,36,26]
[38,25,47]
[40,21,37]
[32,22,19]
[18,23,38]
[18,17,30]
[39,31,18]
[40,48,47]
[41,36,43]
[43,40,44]
[25,40,24]
[17,28,19]
[19,36,38]
[23,19,25]
[28,20,40]
[20,32,48]
[21,30,28]
[43,31,17]
[34,29,45]
[33,23,19]
[44,21,17]
[37,21,20]
[40,19,46]
[27,20,35]
[18,24,26]
[32,26,39]
[49,33,25]
[27,27,35]
]
[
[0,0,0]
[46,48,22]
[43,18,29]
[18,20,27]
[47,26,20]
[25,27,20]
[44,18,24]
[27,29,40]
[25,36,17]
[17,18,41]
[46,36,44]
[46,30,17]
[45,16,26]
[19,41,45]
[46,28,42]
[29,37,18]
[42,31,34]
[18,18,23]
[28,22,27]
[17,35,22]
[46,38,43]
[44,45,29]
[35,25,20]
[27,32,38]
[20,47,45]
[30,39,24]
[22,21,36]
[29,41,18]
[27,39,39]
[36,39,17]
[27,22,40]
]
[
[0,0,0]
[35,21,47]
[36,23,21]
[22,48,29]
[17,43,35]
[39,30,39]
[18,35,23]
[32,40,40]
[20,37,40]
[32,38,27]
[39,25,35]
[32,45,45]
[28,25,25]
[24,30,18]
[40,31,40]
[25,34,32]
[22,43,47]
[40,40,30]
[45,28,22]
[27,44,35]
[42,47,24]
[20,17,27]
[31,42,37]
[43,36,22]
[18,21,39]
[45,18,31]
[43,36,23]
[40,18,46]
[40,20,25]
[43,45,44]
[22,32,29]
]
[
[0,0,0]
[39,28,46]
[45,29,20]
[28,42,28]
[36,28,29]
[42,21,41]
[42,25,37]
[36,40,24]
[22,32,38]
[34,44,36]
[37,37,27]
[28,43,16]
[29,30,38]
[18,23,18]
[30,36,33]
[17,43,45]
[38,17,41]
[17,48,26]
[49,31,45]
[38,39,33]
[26,28,26]
[27,43,25]
[24,17,40]
[17,30,26]
[38,34,31]
[20,25,42]
[22,23,35]
[24,49,40]
[21,29,30]
[21,40,47]
[35,21,24]
]
[
[0,0,0]
[26,19,33]
[21,31,18]
[31,48,35]
[39,20,27]
[31,24,16]
[29,31,30]
[39,29,38]
[49,23,28]
[23,24,28]
[25,48,46]
[36,38,46]
[37,26,45]
[25,24,23]
[32,43,39]
[43,30,21]
[32,33,18]
[30,40,24]
[37,42,39]
[48,35,33]
[37,32,19]
[30,45,26]
[24,16,46]
[17,39,47]
[28,38,23]
[34,40,37]
[23,25,18]
[19,40,46]
[21,37,44]
[40,24,27]
[24,41,30]
]
[
[0,0,0]
[29,37,47]
[28,32,34]
[21,41,46]
[31,27,44]
[18,17,20]
[30,48,20]
[21,23,18]
[18,44,38]
[18,45,28]
[37,43,34]
[37,37,40]
[46,39,36]
[21,33,24]
[16,42,17]
[39,46,19]
[27,36,46]
[44,35,18]
[41,26,39]
[35,17,48]
[27,30,19]
[38,44,29]
[21,34,18]
[46,26,25]
[23,26,19]
[47,40,35]
[23,43,42]
[40,36,39]
[35,32,30]
[18,23,30]
[34,39,28]
]
[
[0,0,0]
[34,35,16]
[30,23,27]
[32,33,43]
[20,23,26]
[28,43,48]
[47,33,40]
[23,43,24]
[34,25,28]
[39,30,38]
[36,40,46]
[48,29,34]
[46,38,39]
[32,27,32]
[24,21,20]
[18,42,46]
[24,39,36]
[36,37,40]
[37,40,39]
[42,32,26]
[37,41,32]
[41,33,44]
[23,32,22]
[37,36,21]
[34,33,44]
[47,32,24]
[30,30,45]
[44,35,38]
[26,39,32]
[40,31,39]
[45,34,43]
]
[
[0,0,0]
[22,35,17]
[17,41,38]
[46,31,24]
[47,49,41]
[22,37,16]
[28,48,24]
[29,23,31]
[46,48,40]
[42,28,42]
[18,35,23]
[19,38,41]
[46,48,35]
[40,43,31]
[45,46,38]
[23,22,38]
[23,19,44]
[25,46,18]
[35,45,46]
[22,34,31]
[46,29,28]
[44,20,36]
[37,38,42]
[47,23,17]
[22,22,41]
[38,41,24]
[27,41,46]
[34,18,42]
[32,34,18]
[26,32,44]
[36,38,36]
]
[
[0,0,0]
[28,33,40]
[32,39,41]
[36,42,26]
[48,45,19]
[20,19,24]
[47,29,45]
[29,41,45]
[37,23,30]
[31,25,42]
[26,36,22]
[46,48,34]
[37,26,39]
[46,31,37]
[16,48,30]
[18,44,43]
[18,34,44]
[26,24,17]
[48,17,19]
[34,30,30]
[27,32,35]
[33,41,38]
[47,41,46]
[45,20,18]
[31,38,38]
[35,21,34]
[26,25,24]
[29,26,36]
[25,28,18]
[42,18,36]
[26,42,33]
]
[
[0,0,0]
[44,39,37]
[48,21,29]
[36,31,25]
[26,26,34]
[46,43,41]
[37,31,17]
[19,44,23]
[35,18,19]
[20,28,25]
[19,28,26]
[38,40,27]
[17,43,39]
[48,37,27]
[17,45,19]
[44,28,26]
[40,16,28]
[43,21,33]
[32,24,30]
[28,47,20]
[37,25,17]
[30,31,16]
[39,27,30]
[43,36,36]
[41,20,27]
[47,37,24]
[23,46,33]
[32,24,22]
[44,23,19]
[22,34,29]
[21,42,45]
]
[
[0,0,0]
[34,46,25]
[25,38,40]
[21,17,36]
[39,48,19]
[25,17,39]
[44,23,44]
[39,38,32]
[27,20,35]
[20,48,46]
[40,37,44]
[29,19,28]
[33,33,47]
[47,29,43]
[40,24,44]
[24,20,19]
[32,44,49]
[18,29,38]
[30,30,35]
[42,31,16]
[17,20,46]
[36,28,29]
[22,42,48]
[33,29,26]
[33,31,43]
[39,37,32]
[37,46,47]
[45,30,42]
[19,37,46]
[25,30,33]
[30,36,21]
]
[
[0,0,0]
[21,37,43]
[23,45,18]
[40,31,22]
[39,38,30]
[31,44,33]
[34,43,16]
[27,19,21]
[18,39,32]
[33,36,40]
[48,46,29]
[44,26,33]
[33,37,33]
[34,29,45]
[29,25,31]
[36,47,48]
[33,43,35]
[36,45,36]
[42,34,31]
[17,42,22]
[49,40,43]
[44,24,33]
[39,47,17]
[31,47,42]
[36,40,46]
[19,44,34]
[32,43,47]
[42,27,18]
[35,34,20]
[25,24,49]
[19,28,40]
]
[
[0,0,0]
[39,17,23]
[39,43,40]
[35,25,28]
[32,41,26]
[40,23,44]
[31,46,35]
[28,20,46]
[36,21,48]
[49,42,42]
[49,23,42]
[47,43,44]
[45,43,38]
[28,35,32]
[28,36,47]
[48,36,27]
[32,43,44]
[43,44,34]
[22,21,34]
[28,36,21]
[23,35,28]
[38,43,39]
[24,18,21]
[29,28,48]
[37,34,39]
[35,21,31]
[34,16,24]
[40,41,28]
[35,31,38]
[37,39,23]
[43,44,23]
]
[
[0,0,0]
[37,25,16]
[19,39,34]
[30,35,37]
[49,48,35]
[29,39,20]
[37,30,27]
[46,17,24]
[45,30,40]
[43,46,19]
[47,18,20]
[30,17,19]
[46,43,42]
[21,21,37]
[43,27,38]
[45,37,17]
[26,34,40]
[38,19,38]
[30,22,48]
[37,43,32]
[36,46,45]
[34,38,34]
[47,19,18]
[29,18,36]
[29,46,38]
[41,25,38]
[47,30,29]
[18,41,44]
[41,20,44]
[30,46,33]
[38,45,30]
]
[
[0,0,0]
[39,29,41]
[39,26,37]
[43,20,45]
[22,28,26]
[23,34,37]
[28,19,20]
[19,47,30]
[41,22,21]
[41,44,38]
[17,30,28]
[29,49,47]
[16,39,38]
[31,24,32]
[36,32,46]
[26,22,37]
[25,29,22]
[25,22,32]
[26,32,24]
[32,39,23]
[37,17,39]
[45,23,27]
[26,40,17]
[28,19,29]
[36,46,28]
[47,43,19]
[45,16,37]
[25,17,40]
[47,40,39]
[43,20,44]
[24,26,23]
]
[
[0,0,0]
[45,32,17]
[28,28,35]
[42,45,43]
[43,25,27]
[39,43,22]
[23,26,17]
[46,36,37]
[43,32,21]
[42,25,44]
[38,38,35]
[45,44,38]
[48,41,37]
[38,39,26]
[38,40,23]
[43,28,24]
[18,17,46]
[37,32,46]
[44,41,25]
[22,37,23]
[21,28,32]
[27,31,40]
[36,24,36]
[47,44,46]
[32,25,19]
[45,35,38]
[20,47,34]
[46,46,42]
[27,36,47]
[25,48,20]
[42,25,18]
]
[
[0,0,0]
[28,42,28]
[27,43,19]
[47,21,34]
[29,18,36]
[38,17,17]
[28,27,34]
[18,22,38]
[37,24,20]
[22,17,47]
[46,28,39]
[33,16,22]
[32,44,17]
[30,34,22]
[33,46,31]
[18,20,36]
[24,19,20]
[23,48,34]
[22,43,16]
[36,26,19]
[27,22,39]
[20,24,36]
[27,25,33]
[39,36,39]
[23,25,32]
[45,19,29]
[48,30,21]
[17,18,30]
[44,18,46]
[16,30,37]
[16,46,33]
]
[
[0,0,0]
[33,35,45]
[18,22,47]
[36,24,18]
[25,36,24]
[29,17,44]
[39,44,20]
[43,42,27]
[38,28,33]
[45,27,26]
[32,27,37]
[20,26,25]
[32,48,45]
[43,30,49]
[19,31,35]
[45,40,21]
[22,47,37]
[44,31,35]
[44,19,24]
[19,44,49]
[43,27,22]
[21,20,28]
[29,23,44]
[20,29,29]
[25,40,46]
[35,38,20]
[32,25,33]
[43,19,28]
[41,47,20]
[40,18,45]
[44,19,27]
]
[
[0,0,0]
[19,17,48]
[23,38,30]
[41,23,32]
[43,24,18]
[23,24,27]
[41,22,27]
[17,27,42]
[27,40,37]
[36,25,43]
[22,23,45]
[38,37,31]
[41,21,46]
[25,21,38]
[34,33,33]
[40,20,22]
[29,39,20]
[41,44,20]
[26,46,28]
[24,40,27]
[21,35,42]
[30,39,21]
[25,29,45]
[30,47,23]
[19,23,38]
[23,31,19]
[46,27,39]
[29,18,22]
[34,42,32]
[37,26,23]
[35,21,33]
]
[
[0,0,0]
[32,40,37]
[34,47,22]
[48,31,43]
[21,28,40]
[38,39,32]
[48,18,47]
[46,45,35]
[47,37,26]
[45,47,26]
[24,29,44]
[37,45,47]
[30,23,46]
[19,40,33]
[48,46,33]
[17,33,31]
[41,40,32]
[34,27,46]
[27,45,18]
[48,33,27]
[31,27,18]
[18,35,39]
[18,36,37]
[38,16,30]
[40,48,48]
[40,34,45]
[27,29,25]
[38,28,45]
[26,39,20]
[28,39,33]
[40,35,22]
]
[
[0,0,0]
[41,28,18]
[43,18,41]
[47,46,20]
[34,23,34]
[49,19,37]
[47,19,18]
[44,37,36]
[35,17,43]
[25,31,41]
[41,18,46]
[40,27,39]
[31,47,21]
[24,17,44]
[33,34,27]
[18,42,30]
[45,48,24]
[46,20,36]
[41,32,36]
[32,43,40]
[28,43,48]
[21,29,43]
[21,21,21]
[29,34,38]
[48,21,35]
[22,30,23]
[20,22,40]
[34,45,29]
[36,28,22]
[49,16,36]
[39,36,25]
]
[
[0,0,0]
[20,17,33]
[18,40,26]
[26,18,31]
[37,37,39]
[46,32,36]
[37,48,33]
[21,46,49]
[47,27,18]
[26,24,37]
[39,46,36]
[37,19,18]
[22,23,29]
[48,41,29]
[33,20,24]
[34,36,21]
[38,21,20]
[41,25,45]
[39,32,36]
[33,21,28]
[18,39,42]
[19,41,47]
[25,17,38]
[23,21,48]
[40,40,31]
[33,26,27]
[20,18,21]
[43,23,25]
[22,35,27]
[19,19,47]
[20,39,35]
]
[
[0,0,0]
[34,31,18]
[39,26,28]
[26,20,45]
[46,47,26]
[32,34,39]
[25,28,18]
[35,17,47]
[26,35,46]
[30,44,40]
[26,29,28]
[49,29,21]
[29,27,21]
[23,47,16]
[19,23,32]
[30,38,34]
[49,31,22]
[27,26,40]
[49,33,41]
[22,35,29]
[25,27,27]
[28,48,48]
[46,34,25]
[19,18,28]
[20,27,32]
[33,16,25]
[34,20,37]
[26,30,45]
[23,31,34]
[36,42,28]
[44,30,31]
]
[
[0,0,0]
[41,29,18]
[47,16,45]
[23,39,34]
[42,22,38]
[44,24,37]
[17,22,39]
[27,17,24]
[46,47,40]
[17,37,17]
[23,19,24]
[22,17,29]
[38,34,35]
[40,43,17]
[47,40,17]
[38,36,34]
[17,42,42]
[44,30,26]
[36,43,34]
[34,34,49]
[42,23,34]
[39,25,47]
[39,32,29]
[26,33,41]
[39,46,24]
[31,43,18]
[27,44,43]
[40,47,20]
[28,41,47]
[33,24,43]
[25,23,43]
]
];
d = [0,619,831,814,697,824,715,831,774,783,757,661,848,819,838,780,782,617,755,709,670,680,723,846,817,818,710,729,846,783,819];
tP=[0,22,71,64,80,68,98,47,78,78,70,57,0,1,31,71,62,72,4,59,66,43,10,25,83,15,63,4,44,65,85];
eP=[0,74,30,77,51,80,82,52,65,33,80,93,89,53,44,10,27,47,28,95,95,85,68,16,10,25,28,10,7,82,77];
