nMachines = 3;
nJobs = 30;
p = [
[0,0,0]
[59, 62, 116]
[69, 127, 99]
[130, 106, 55]
[143, 86, 82]
[92, 141, 126]
[74, 57, 82]
[125, 101, 117]
[122, 111, 72]
[72, 100, 144]
[114, 94, 91]
[54, 125, 130]
[132, 139, 72]
[77, 137, 115]
[84, 119, 115]
[88, 94, 113]
[51, 124, 77]
[145, 62, 102]
[94, 74, 145]
[128, 142, 137]
[143, 116, 50]
[143, 65, 139]
[59, 139, 120]
[124, 109, 68]
[84, 129, 66]
[96, 114, 87]
[58, 67, 92]
[113, 130, 123]
[102, 114, 126]
[113, 142, 125]
[146, 128, 68]
];
s = [
[
[0,0,0]
[0,0,0]
[0,0,0]
[0,0,0]
[0,0,0]
[0,0,0]
[0,0,0]
[0,0,0]
[0,0,0]
[0,0,0]
[0,0,0]
[0,0,0]
[0,0,0]
[0,0,0]
[0,0,0]
[0,0,0]
[0,0,0]
[0,0,0]
[0,0,0]
[0,0,0]
[0,0,0]
[0,0,0]
[0,0,0]
[0,0,0]
[0,0,0]
[0,0,0]
[0,0,0]
[0,0,0]
[0,0,0]
[0,0,0]
[0,0,0]
]
[
[0,0,0]
[49,23,41]
[33,42,28]
[24,28,30]
[23,50,20]
[30,39,39]
[47,41,32]
[42,36,38]
[32,24,31]
[20,39,51]
[28,23,40]
[21,38,49]
[49,47,17]
[48,23,48]
[26,35,24]
[32,44,51]
[42,51,47]
[33,29,44]
[43,21,31]
[38,32,44]
[40,18,36]
[32,17,45]
[45,36,43]
[29,41,38]
[45,47,37]
[24,42,44]
[40,19,39]
[32,43,19]
[19,19,24]
[21,41,32]
[36,50,35]
]
[
[0,0,0]
[28,49,22]
[21,34,21]
[50,33,31]
[44,35,33]
[32,31,29]
[45,34,18]
[40,49,31]
[22,21,40]
[42,47,50]
[19,31,40]
[28,37,49]
[42,37,28]
[19,32,38]
[38,35,27]
[43,49,39]
[44,26,18]
[46,19,31]
[33,43,45]
[39,23,44]
[22,43,39]
[34,36,28]
[51,45,28]
[48,45,38]
[48,23,18]
[34,46,38]
[46,24,32]
[27,46,30]
[30,39,31]
[41,35,46]
[31,22,44]
]
[
[0,0,0]
[18,28,26]
[42,45,28]
[20,17,23]
[20,22,39]
[32,27,25]
[19,24,42]
[27,43,33]
[21,43,24]
[43,46,49]
[46,28,22]
[50,42,35]
[51,50,44]
[43,17,18]
[48,35,17]
[36,49,47]
[29,45,44]
[43,42,18]
[43,27,47]
[32,20,20]
[30,21,35]
[27,26,17]
[28,30,50]
[42,35,32]
[43,36,31]
[26,27,43]
[25,30,31]
[38,48,25]
[24,46,33]
[44,22,28]
[40,17,48]
]
[
[0,0,0]
[40,46,36]
[33,50,37]
[25,22,22]
[34,34,43]
[35,40,22]
[27,41,33]
[23,41,28]
[31,18,29]
[23,44,42]
[42,44,37]
[42,35,32]
[35,48,39]
[41,45,34]
[19,23,17]
[48,19,26]
[23,24,22]
[36,23,29]
[35,36,26]
[41,45,35]
[47,30,36]
[29,38,46]
[23,46,19]
[26,45,45]
[51,33,25]
[42,41,18]
[25,43,51]
[25,39,33]
[47,31,51]
[40,39,24]
[21,22,26]
]
[
[0,0,0]
[51,43,42]
[39,43,44]
[33,48,35]
[34,30,23]
[41,48,32]
[47,50,41]
[27,22,23]
[18,17,41]
[46,29,43]
[29,23,37]
[41,26,18]
[34,35,42]
[39,48,21]
[31,48,34]
[32,23,29]
[21,46,19]
[45,22,34]
[49,43,48]
[49,46,35]
[43,39,40]
[22,29,50]
[48,17,49]
[33,18,27]
[17,42,30]
[26,18,51]
[27,45,41]
[29,41,45]
[50,40,20]
[25,41,27]
[35,51,21]
]
[
[0,0,0]
[28,38,49]
[28,38,36]
[22,19,30]
[18,30,41]
[22,23,45]
[22,26,39]
[30,34,40]
[35,28,27]
[19,42,29]
[37,17,23]
[45,32,31]
[18,41,20]
[48,46,45]
[48,41,32]
[49,29,40]
[40,27,32]
[31,21,28]
[20,43,39]
[41,37,50]
[48,41,50]
[28,32,34]
[39,25,23]
[44,44,21]
[20,46,31]
[44,20,48]
[44,50,27]
[30,40,21]
[31,27,23]
[39,30,48]
[43,51,48]
]
[
[0,0,0]
[46,27,25]
[31,32,43]
[50,46,29]
[38,25,22]
[39,41,45]
[51,36,38]
[25,30,42]
[50,39,27]
[32,20,40]
[43,29,21]
[32,21,33]
[26,32,46]
[24,30,36]
[29,26,28]
[36,45,34]
[45,33,48]
[38,32,18]
[45,33,22]
[33,30,47]
[35,51,19]
[45,26,46]
[45,40,33]
[30,18,47]
[45,42,34]
[27,35,23]
[20,45,26]
[45,49,35]
[21,31,27]
[37,34,45]
[32,47,23]
]
[
[0,0,0]
[44,31,37]
[29,49,32]
[25,38,22]
[26,42,39]
[19,39,23]
[19,25,31]
[35,19,37]
[34,33,27]
[36,44,26]
[17,48,41]
[36,31,42]
[23,45,21]
[24,21,17]
[46,47,31]
[23,26,23]
[41,39,40]
[45,19,43]
[35,49,18]
[28,22,26]
[33,22,29]
[19,33,39]
[19,23,28]
[31,38,26]
[25,34,19]
[20,46,51]
[26,35,39]
[27,49,36]
[42,21,45]
[38,24,49]
[19,24,51]
]
[
[0,0,0]
[43,22,41]
[39,22,30]
[29,45,29]
[41,31,39]
[19,50,25]
[45,19,50]
[19,34,31]
[24,50,42]
[25,43,47]
[42,30,25]
[27,32,19]
[46,36,49]
[37,23,48]
[20,34,32]
[40,32,35]
[20,17,25]
[29,18,23]
[34,41,29]
[19,33,27]
[19,17,17]
[41,23,20]
[24,33,17]
[31,36,31]
[32,50,23]
[25,50,28]
[39,32,34]
[38,35,37]
[48,29,37]
[40,30,51]
[34,44,19]
]
[
[0,0,0]
[44,41,42]
[34,39,39]
[45,23,22]
[43,39,31]
[45,47,26]
[21,42,28]
[35,43,23]
[20,39,31]
[50,37,18]
[36,21,31]
[33,39,23]
[46,41,34]
[24,23,35]
[40,50,18]
[35,50,49]
[33,20,39]
[34,47,51]
[36,19,37]
[44,31,19]
[35,41,47]
[51,27,38]
[33,43,18]
[28,33,19]
[47,30,50]
[23,22,35]
[41,49,45]
[21,17,41]
[46,42,19]
[17,34,29]
[28,41,38]
]
[
[0,0,0]
[49,40,45]
[51,25,36]
[44,19,35]
[34,28,43]
[21,29,41]
[43,48,44]
[25,28,33]
[25,26,46]
[40,42,17]
[36,35,21]
[41,22,48]
[32,23,46]
[35,49,31]
[49,47,24]
[26,28,22]
[44,31,44]
[33,27,49]
[22,34,24]
[38,36,43]
[42,37,48]
[45,40,41]
[17,38,37]
[19,18,32]
[45,37,31]
[31,21,36]
[50,22,37]
[21,32,32]
[33,37,29]
[41,35,21]
[36,25,43]
]
[
[0,0,0]
[38,29,50]
[51,37,36]
[22,43,39]
[37,28,29]
[36,39,29]
[18,34,29]
[22,27,30]
[45,27,24]
[28,41,50]
[32,31,38]
[50,32,40]
[50,51,23]
[30,31,51]
[51,18,41]
[42,35,23]
[27,17,49]
[33,18,23]
[27,36,42]
[21,44,46]
[22,33,24]
[31,43,32]
[32,31,33]
[35,48,35]
[24,50,38]
[18,33,47]
[50,19,48]
[19,36,42]
[29,30,43]
[23,40,35]
[41,41,49]
]
[
[0,0,0]
[40,32,30]
[26,39,26]
[27,48,30]
[30,31,32]
[46,40,51]
[36,28,32]
[27,49,26]
[20,42,20]
[32,23,36]
[28,39,49]
[37,51,42]
[33,18,20]
[21,48,34]
[44,48,23]
[19,37,46]
[33,51,39]
[24,39,26]
[47,29,38]
[45,42,30]
[18,48,28]
[30,46,39]
[27,27,21]
[26,34,24]
[25,17,31]
[22,33,43]
[27,38,46]
[46,45,28]
[17,41,25]
[47,41,40]
[25,50,28]
]
[
[0,0,0]
[41,45,25]
[36,48,48]
[17,17,35]
[27,35,34]
[27,20,28]
[39,27,28]
[25,36,35]
[29,37,27]
[39,48,24]
[41,40,45]
[37,51,44]
[30,34,38]
[48,37,50]
[29,49,18]
[21,40,27]
[41,34,25]
[37,21,30]
[40,46,19]
[42,41,33]
[17,26,35]
[41,44,27]
[39,44,38]
[24,26,23]
[25,49,29]
[20,48,30]
[35,46,45]
[47,40,22]
[26,20,31]
[42,29,23]
[40,22,17]
]
[
[0,0,0]
[30,42,17]
[27,34,29]
[18,36,29]
[35,31,27]
[40,30,23]
[24,51,23]
[50,33,49]
[31,32,36]
[46,23,26]
[51,49,38]
[49,46,27]
[34,27,30]
[49,37,22]
[36,24,25]
[25,29,40]
[30,33,44]
[39,17,25]
[35,32,49]
[40,30,40]
[48,36,27]
[20,35,41]
[30,26,37]
[27,34,34]
[24,27,43]
[45,33,21]
[29,22,27]
[34,30,22]
[31,25,19]
[50,42,42]
[30,18,24]
]
[
[0,0,0]
[38,21,24]
[51,41,37]
[23,47,41]
[24,49,22]
[23,29,37]
[46,21,36]
[29,29,24]
[31,32,44]
[22,40,47]
[44,49,50]
[21,39,25]
[48,46,36]
[44,26,51]
[31,26,40]
[50,35,40]
[38,45,29]
[39,18,33]
[41,48,20]
[33,28,31]
[26,49,47]
[31,29,26]
[45,37,45]
[33,39,19]
[27,38,48]
[38,27,24]
[44,40,23]
[51,39,51]
[30,29,29]
[47,32,36]
[20,26,37]
]
[
[0,0,0]
[49,46,49]
[38,44,44]
[39,17,48]
[33,43,35]
[18,32,47]
[29,28,18]
[49,49,32]
[24,50,30]
[40,27,43]
[17,34,44]
[32,26,32]
[44,41,38]
[37,21,23]
[50,32,51]
[49,26,17]
[39,31,44]
[29,39,19]
[47,33,35]
[30,49,37]
[41,29,51]
[32,18,32]
[29,23,27]
[46,41,40]
[45,22,17]
[25,47,40]
[23,39,38]
[28,24,25]
[31,17,45]
[41,28,45]
[48,19,41]
]
[
[0,0,0]
[46,27,44]
[38,20,38]
[23,46,49]
[30,32,33]
[25,17,19]
[24,46,22]
[29,29,26]
[39,20,43]
[19,51,28]
[37,31,23]
[33,37,23]
[47,28,50]
[49,48,23]
[43,37,39]
[50,23,44]
[42,50,50]
[29,45,51]
[48,46,44]
[22,28,38]
[34,19,21]
[39,46,24]
[19,35,17]
[34,27,26]
[27,27,46]
[47,22,51]
[35,25,45]
[46,30,23]
[24,49,45]
[23,36,19]
[23,50,34]
]
[
[0,0,0]
[19,23,41]
[26,21,36]
[18,23,44]
[32,31,36]
[41,42,27]
[44,18,39]
[48,39,49]
[33,44,25]
[47,33,38]
[48,23,18]
[48,20,43]
[33,28,27]
[30,46,43]
[19,21,19]
[23,36,36]
[25,19,27]
[41,22,44]
[49,34,41]
[36,43,43]
[46,44,23]
[20,40,37]
[26,48,27]
[18,19,18]
[43,32,35]
[48,35,28]
[35,21,47]
[33,47,47]
[35,18,50]
[20,39,49]
[32,28,50]
]
[
[0,0,0]
[36,48,21]
[47,46,44]
[30,20,44]
[44,18,39]
[51,40,48]
[45,25,24]
[23,40,43]
[41,51,33]
[48,48,20]
[29,18,26]
[38,42,31]
[23,47,21]
[20,47,21]
[22,49,47]
[43,50,20]
[28,50,49]
[27,24,50]
[19,42,33]
[46,43,44]
[25,44,36]
[24,35,41]
[44,25,24]
[28,24,34]
[29,46,22]
[43,48,20]
[37,31,37]
[48,39,50]
[31,34,41]
[48,34,45]
[37,41,25]
]
[
[0,0,0]
[40,46,29]
[47,27,31]
[23,28,35]
[33,19,17]
[38,29,31]
[18,30,46]
[31,27,50]
[48,45,33]
[23,21,30]
[35,43,40]
[41,22,24]
[46,29,35]
[51,17,51]
[34,34,18]
[37,30,29]
[33,27,44]
[42,50,21]
[20,40,29]
[32,37,50]
[38,30,23]
[49,18,44]
[27,34,33]
[47,38,31]
[39,30,51]
[28,36,51]
[41,43,26]
[43,29,40]
[35,31,41]
[36,47,18]
[39,43,27]
]
[
[0,0,0]
[37,51,34]
[38,26,20]
[41,38,24]
[20,37,22]
[25,42,49]
[22,38,30]
[49,27,40]
[36,41,22]
[36,26,34]
[33,17,28]
[46,32,46]
[41,47,39]
[46,29,31]
[19,44,46]
[31,39,40]
[45,37,42]
[48,46,20]
[42,40,44]
[35,25,27]
[34,23,42]
[32,27,41]
[32,24,35]
[25,34,36]
[50,34,28]
[24,48,37]
[25,35,18]
[51,37,42]
[23,46,32]
[25,46,45]
[49,36,21]
]
[
[0,0,0]
[43,43,44]
[41,33,24]
[46,19,38]
[34,43,35]
[49,44,42]
[46,24,48]
[43,43,34]
[32,18,38]
[38,17,50]
[40,34,49]
[19,47,30]
[41,40,45]
[34,29,19]
[19,18,44]
[21,42,32]
[43,41,26]
[46,49,32]
[22,24,37]
[42,38,18]
[43,33,19]
[21,20,50]
[43,17,40]
[43,22,46]
[49,27,42]
[27,37,40]
[49,44,18]
[25,35,21]
[40,26,21]
[22,42,39]
[35,41,40]
]
[
[0,0,0]
[30,36,43]
[30,44,26]
[34,26,50]
[45,32,37]
[22,41,41]
[42,41,20]
[44,39,28]
[24,32,27]
[51,36,33]
[42,27,38]
[24,30,18]
[42,36,27]
[43,36,33]
[28,33,39]
[46,20,22]
[49,40,26]
[46,33,42]
[17,25,23]
[43,50,32]
[24,40,24]
[37,23,32]
[32,27,50]
[19,35,19]
[43,18,46]
[42,43,27]
[37,23,38]
[44,25,27]
[25,19,30]
[51,42,37]
[19,45,25]
]
[
[0,0,0]
[22,34,30]
[19,25,28]
[29,39,40]
[24,21,29]
[36,33,26]
[17,47,43]
[29,47,34]
[30,45,28]
[49,21,21]
[39,25,39]
[27,20,39]
[47,30,32]
[48,33,20]
[31,33,48]
[50,42,41]
[47,44,40]
[22,33,26]
[39,36,37]
[37,42,44]
[26,51,40]
[32,45,25]
[47,25,32]
[49,45,18]
[24,23,45]
[36,26,51]
[49,36,27]
[45,27,40]
[21,21,21]
[27,49,47]
[37,25,35]
]
[
[0,0,0]
[23,26,45]
[38,39,48]
[44,31,21]
[49,21,42]
[36,18,48]
[20,42,30]
[27,18,47]
[28,47,39]
[36,42,26]
[36,48,27]
[50,40,29]
[36,51,35]
[27,37,26]
[24,41,40]
[20,47,30]
[29,33,42]
[50,35,27]
[30,20,50]
[43,31,24]
[35,45,50]
[50,47,17]
[38,46,50]
[26,45,49]
[26,28,37]
[30,22,20]
[21,24,29]
[45,46,44]
[29,32,39]
[33,42,41]
[25,50,26]
]
[
[0,0,0]
[44,41,25]
[29,39,33]
[34,41,47]
[38,28,40]
[35,48,31]
[36,23,44]
[20,26,19]
[47,37,27]
[37,29,30]
[34,24,44]
[45,46,36]
[43,51,31]
[31,50,24]
[17,25,47]
[49,26,21]
[37,19,45]
[30,41,40]
[22,30,34]
[38,49,28]
[22,31,45]
[18,34,49]
[43,19,35]
[42,20,32]
[25,26,27]
[35,24,40]
[49,45,51]
[27,17,41]
[47,28,51]
[42,29,35]
[20,42,17]
]
[
[0,0,0]
[48,50,47]
[23,47,24]
[50,40,51]
[26,40,48]
[46,27,20]
[21,39,50]
[43,43,34]
[24,33,19]
[35,37,42]
[41,20,32]
[28,41,51]
[43,28,35]
[31,40,23]
[43,49,36]
[49,19,46]
[44,49,29]
[26,24,18]
[51,38,17]
[36,34,31]
[28,17,51]
[32,24,36]
[46,49,23]
[24,20,28]
[43,49,19]
[25,20,20]
[22,35,17]
[27,50,31]
[28,40,42]
[32,43,31]
[26,28,40]
]
[
[0,0,0]
[38,50,51]
[47,30,43]
[31,37,37]
[51,48,39]
[22,39,47]
[21,49,29]
[45,50,35]
[36,19,17]
[40,40,41]
[20,20,48]
[44,30,22]
[35,29,24]
[46,41,42]
[49,34,25]
[23,35,30]
[36,47,34]
[42,45,39]
[33,45,46]
[23,39,27]
[21,27,21]
[22,36,43]
[47,39,40]
[41,34,26]
[48,24,31]
[44,31,29]
[42,42,40]
[49,21,28]
[26,33,46]
[40,44,18]
[31,46,39]
]
[
[0,0,0]
[20,38,19]
[48,28,43]
[27,20,39]
[45,25,39]
[41,38,27]
[44,19,31]
[22,18,46]
[41,21,29]
[42,32,39]
[41,26,23]
[51,51,27]
[29,44,17]
[38,48,32]
[34,23,18]
[46,22,25]
[39,27,19]
[21,34,29]
[44,31,26]
[33,36,47]
[18,50,24]
[29,31,38]
[29,33,50]
[48,32,21]
[45,48,48]
[50,36,43]
[18,27,19]
[17,17,34]
[29,28,19]
[27,28,31]
[34,30,32]
]
];
d = [0,872,838,849,681,830,714,641,854,881,829,684,765,882,820,770,827,841,852,843,721,871,709,824,882,815,612,868,892,622,834];
tP=[0,90,96,56,32,69,34,42,26,16,15,18,52,75,11,32,6,53,4,40,55,20,52,65,2,26,24,57,5,88,30];
eP=[0,63,75,85,98,95,17,66,82,67,48,95,14,36,94,48,74,34,90,29,63,69,46,15,77,49,82,90,1,93,11];
