nMachines = 3;
nJobs = 30;
p = [
[0,0,0]
[84, 141, 132]
[120, 135, 100]
[113, 99, 106]
[58, 108, 110]
[128, 116, 94]
[116, 59, 69]
[82, 71, 74]
[127, 76, 133]
[56, 65, 95]
[123, 136, 56]
[100, 113, 84]
[85, 103, 67]
[88, 103, 84]
[105, 108, 64]
[141, 100, 122]
[132, 148, 120]
[55, 149, 123]
[111, 69, 78]
[125, 107, 142]
[123, 106, 80]
[125, 117, 85]
[96, 142, 64]
[85, 61, 112]
[93, 61, 88]
[81, 134, 63]
[78, 130, 115]
[67, 123, 121]
[102, 109, 102]
[122, 131, 66]
[81, 131, 116]
];
s = [
[
[0,0,0]
[0,0,0]
[0,0,0]
[0,0,0]
[0,0,0]
[0,0,0]
[0,0,0]
[0,0,0]
[0,0,0]
[0,0,0]
[0,0,0]
[0,0,0]
[0,0,0]
[0,0,0]
[0,0,0]
[0,0,0]
[0,0,0]
[0,0,0]
[0,0,0]
[0,0,0]
[0,0,0]
[0,0,0]
[0,0,0]
[0,0,0]
[0,0,0]
[0,0,0]
[0,0,0]
[0,0,0]
[0,0,0]
[0,0,0]
[0,0,0]
]
[
[0,0,0]
[30,24,27]
[37,19,42]
[34,20,48]
[37,41,29]
[32,33,28]
[47,44,46]
[29,46,19]
[47,50,17]
[48,40,45]
[50,19,36]
[24,22,34]
[41,20,17]
[48,25,32]
[47,33,38]
[44,40,19]
[35,35,43]
[28,49,26]
[38,25,38]
[34,50,29]
[29,36,26]
[29,20,37]
[48,23,42]
[26,25,23]
[40,49,43]
[29,39,24]
[23,40,17]
[17,29,44]
[43,17,36]
[19,28,49]
[42,30,21]
]
[
[0,0,0]
[27,41,45]
[26,35,26]
[32,18,32]
[42,27,20]
[20,30,38]
[38,47,45]
[22,44,28]
[34,44,24]
[22,50,21]
[42,41,31]
[47,36,41]
[40,34,21]
[35,47,37]
[31,24,48]
[17,27,30]
[22,22,45]
[34,49,25]
[38,27,43]
[17,45,33]
[35,22,43]
[24,34,46]
[44,48,27]
[43,20,43]
[17,26,49]
[29,18,45]
[44,43,42]
[50,17,30]
[44,27,42]
[48,50,29]
[38,32,29]
]
[
[0,0,0]
[28,27,18]
[20,30,33]
[19,46,35]
[48,28,48]
[47,48,28]
[48,41,40]
[26,22,29]
[31,31,34]
[35,33,20]
[37,34,44]
[17,41,23]
[48,19,47]
[18,46,25]
[41,19,32]
[50,37,48]
[49,29,37]
[49,19,29]
[26,45,17]
[29,43,25]
[22,47,27]
[38,21,29]
[32,24,45]
[21,20,40]
[32,38,42]
[31,38,50]
[36,25,38]
[50,34,23]
[36,48,43]
[38,27,24]
[18,31,27]
]
[
[0,0,0]
[45,24,34]
[37,47,20]
[48,24,20]
[37,28,35]
[45,37,34]
[29,29,23]
[42,44,46]
[48,19,19]
[44,45,31]
[38,48,26]
[35,22,35]
[20,42,39]
[30,28,17]
[43,29,35]
[36,45,50]
[21,23,41]
[44,31,34]
[28,36,47]
[43,23,33]
[34,32,44]
[31,25,38]
[43,17,22]
[46,28,45]
[19,16,40]
[30,49,32]
[49,25,18]
[37,33,45]
[32,24,42]
[34,40,33]
[49,45,20]
]
[
[0,0,0]
[42,49,25]
[18,24,25]
[25,29,30]
[31,50,30]
[29,34,42]
[17,23,41]
[35,23,23]
[24,30,23]
[23,38,23]
[18,50,34]
[25,45,18]
[26,26,49]
[47,22,43]
[31,21,20]
[25,23,46]
[37,27,36]
[43,20,33]
[46,30,49]
[38,43,49]
[30,19,25]
[45,49,45]
[21,24,50]
[46,31,40]
[29,36,18]
[38,23,47]
[41,22,41]
[40,49,26]
[20,35,30]
[19,27,29]
[40,31,17]
]
[
[0,0,0]
[19,44,39]
[34,42,44]
[33,24,25]
[45,46,41]
[37,44,22]
[36,40,33]
[33,45,18]
[32,26,35]
[39,45,41]
[20,47,42]
[34,39,46]
[44,44,50]
[49,44,27]
[30,48,25]
[28,35,29]
[21,21,50]
[30,42,44]
[21,18,48]
[18,34,23]
[47,33,32]
[28,40,17]
[44,47,46]
[38,23,24]
[24,17,49]
[24,50,30]
[44,23,36]
[44,31,48]
[46,18,35]
[38,44,24]
[45,33,29]
]
[
[0,0,0]
[44,19,34]
[17,45,43]
[36,43,24]
[27,24,49]
[24,44,28]
[46,30,20]
[40,45,21]
[41,37,19]
[21,29,44]
[20,24,48]
[40,48,40]
[45,19,18]
[45,38,19]
[17,43,30]
[27,32,25]
[45,31,20]
[46,25,20]
[24,28,19]
[23,34,23]
[20,24,25]
[50,26,29]
[30,48,30]
[17,23,33]
[26,45,32]
[22,22,24]
[34,18,33]
[47,18,42]
[41,31,29]
[36,43,48]
[37,27,41]
]
[
[0,0,0]
[44,24,19]
[17,31,42]
[49,21,48]
[32,25,47]
[19,46,33]
[21,48,23]
[32,38,45]
[50,39,33]
[27,41,32]
[42,32,32]
[40,35,28]
[24,20,31]
[37,32,22]
[46,47,24]
[36,32,49]
[40,25,20]
[30,32,22]
[35,26,48]
[28,42,41]
[28,48,39]
[34,32,26]
[49,38,44]
[20,34,36]
[27,37,35]
[29,23,32]
[20,33,43]
[21,50,25]
[43,30,35]
[47,32,27]
[40,43,34]
]
[
[0,0,0]
[31,20,27]
[30,16,21]
[45,35,25]
[49,35,38]
[21,24,18]
[33,25,21]
[26,36,41]
[46,47,30]
[20,43,22]
[31,40,48]
[24,23,40]
[41,43,49]
[31,20,21]
[36,49,46]
[49,45,38]
[24,39,41]
[35,18,38]
[45,33,42]
[34,35,20]
[43,48,34]
[31,39,30]
[35,33,40]
[46,35,29]
[49,43,21]
[30,40,23]
[20,36,33]
[28,27,35]
[40,36,46]
[42,25,25]
[45,32,44]
]
[
[0,0,0]
[44,18,49]
[33,38,26]
[48,45,34]
[27,39,20]
[47,33,18]
[38,32,42]
[43,47,24]
[21,35,42]
[29,18,19]
[25,39,43]
[38,48,18]
[29,24,27]
[31,46,17]
[25,18,37]
[34,22,21]
[46,34,26]
[39,19,39]
[23,31,30]
[18,32,16]
[47,25,21]
[33,50,47]
[19,23,50]
[36,46,40]
[49,47,37]
[44,38,16]
[34,50,29]
[36,42,22]
[43,30,44]
[45,25,42]
[42,43,23]
]
[
[0,0,0]
[38,39,23]
[41,17,46]
[18,29,19]
[47,36,17]
[35,49,35]
[25,50,27]
[22,28,50]
[49,24,19]
[49,20,35]
[33,46,21]
[17,28,19]
[43,17,49]
[46,43,48]
[30,33,20]
[37,27,29]
[20,41,47]
[39,37,49]
[36,17,46]
[41,41,33]
[46,20,20]
[29,21,20]
[45,25,36]
[41,26,20]
[42,41,45]
[33,40,42]
[19,43,17]
[43,31,29]
[42,30,28]
[19,21,21]
[21,33,42]
]
[
[0,0,0]
[48,23,21]
[28,30,23]
[45,29,22]
[19,44,23]
[28,37,39]
[30,46,26]
[35,37,45]
[34,30,29]
[48,18,41]
[21,33,38]
[28,24,27]
[33,36,50]
[42,23,18]
[47,41,41]
[45,47,42]
[38,25,43]
[41,18,17]
[17,49,24]
[16,50,33]
[50,33,32]
[35,42,45]
[34,33,36]
[31,37,37]
[28,23,33]
[45,19,28]
[31,43,40]
[35,32,39]
[49,47,28]
[43,50,23]
[26,41,36]
]
[
[0,0,0]
[40,25,40]
[23,43,18]
[20,35,20]
[31,35,21]
[33,49,39]
[46,35,46]
[32,35,19]
[30,24,33]
[34,36,31]
[41,19,27]
[36,49,43]
[39,17,37]
[29,49,27]
[43,48,37]
[33,19,26]
[28,41,33]
[44,42,41]
[37,20,19]
[23,48,28]
[45,24,49]
[49,26,44]
[31,25,20]
[19,19,27]
[25,44,31]
[43,27,34]
[20,34,49]
[29,26,47]
[24,31,39]
[46,24,22]
[17,46,37]
]
[
[0,0,0]
[41,22,35]
[24,40,42]
[29,22,20]
[22,40,48]
[46,18,41]
[36,34,19]
[22,28,47]
[27,45,20]
[24,24,40]
[37,48,27]
[41,41,27]
[41,24,38]
[18,33,48]
[23,24,43]
[43,48,49]
[21,35,29]
[24,25,44]
[17,29,33]
[45,46,40]
[44,17,43]
[44,44,44]
[45,27,29]
[37,22,26]
[50,34,47]
[35,38,38]
[24,24,32]
[42,37,23]
[44,27,48]
[45,38,37]
[30,41,40]
]
[
[0,0,0]
[26,41,34]
[39,27,40]
[45,33,27]
[39,24,24]
[19,30,46]
[24,24,34]
[36,44,34]
[45,31,20]
[20,28,39]
[49,34,31]
[42,29,18]
[35,17,43]
[23,38,19]
[20,34,25]
[34,25,36]
[46,24,46]
[27,21,47]
[41,45,34]
[26,26,20]
[42,21,49]
[23,38,35]
[25,21,42]
[35,26,28]
[25,37,28]
[26,31,45]
[20,32,21]
[26,40,31]
[38,42,26]
[47,27,39]
[43,27,29]
]
[
[0,0,0]
[17,23,44]
[29,29,31]
[39,44,39]
[36,17,43]
[28,26,29]
[17,32,49]
[22,24,20]
[17,30,28]
[34,18,20]
[21,21,50]
[22,46,23]
[23,26,39]
[48,31,19]
[37,46,34]
[32,37,43]
[37,46,20]
[24,29,31]
[49,47,40]
[38,17,43]
[17,19,27]
[33,44,26]
[36,28,40]
[30,43,43]
[32,45,50]
[47,49,40]
[24,39,38]
[25,39,39]
[41,25,36]
[48,31,21]
[33,35,17]
]
[
[0,0,0]
[41,20,21]
[32,26,44]
[30,32,47]
[45,31,49]
[36,39,41]
[49,33,17]
[25,49,40]
[17,31,40]
[46,50,36]
[47,50,25]
[27,34,37]
[36,23,45]
[24,25,34]
[46,32,42]
[22,39,41]
[49,47,17]
[23,48,21]
[21,28,32]
[39,47,34]
[30,36,49]
[41,29,27]
[39,31,23]
[40,31,34]
[22,26,38]
[28,38,38]
[33,49,20]
[20,40,29]
[43,42,25]
[43,25,47]
[37,38,22]
]
[
[0,0,0]
[39,33,19]
[19,21,32]
[37,31,35]
[38,39,22]
[18,30,39]
[20,32,28]
[23,46,35]
[25,42,26]
[42,38,17]
[38,37,23]
[18,42,30]
[48,29,30]
[28,45,45]
[25,30,23]
[18,39,43]
[24,22,20]
[27,33,39]
[20,42,31]
[35,28,43]
[37,32,28]
[48,46,31]
[17,28,45]
[21,47,31]
[43,33,30]
[41,47,34]
[30,36,18]
[36,28,20]
[28,32,20]
[27,26,32]
[26,18,20]
]
[
[0,0,0]
[32,34,47]
[43,38,45]
[46,26,20]
[24,23,30]
[50,42,48]
[25,32,36]
[36,49,26]
[45,42,39]
[23,23,38]
[45,23,36]
[34,46,26]
[34,48,49]
[20,29,46]
[44,39,35]
[42,33,20]
[22,29,27]
[48,22,21]
[18,34,48]
[17,23,31]
[30,29,32]
[18,40,49]
[31,38,49]
[31,18,40]
[42,29,32]
[45,44,19]
[30,38,42]
[24,40,35]
[32,45,40]
[49,30,33]
[39,19,26]
]
[
[0,0,0]
[45,25,22]
[49,43,46]
[39,22,36]
[30,31,38]
[17,49,17]
[26,31,17]
[43,38,26]
[28,22,47]
[29,39,26]
[46,49,26]
[26,48,31]
[27,20,29]
[27,46,17]
[31,17,21]
[31,31,34]
[20,27,44]
[32,29,18]
[31,28,37]
[20,36,35]
[22,27,21]
[22,46,40]
[49,40,35]
[42,18,32]
[19,47,44]
[41,31,34]
[24,44,39]
[24,37,40]
[23,26,41]
[22,37,30]
[49,28,27]
]
[
[0,0,0]
[40,29,20]
[36,34,30]
[25,20,18]
[40,42,24]
[33,49,45]
[45,36,49]
[45,25,40]
[47,39,47]
[21,35,29]
[23,28,19]
[24,37,18]
[32,48,23]
[44,28,34]
[40,47,22]
[22,43,23]
[20,38,33]
[38,42,28]
[42,36,27]
[30,36,39]
[44,28,37]
[48,46,21]
[17,43,21]
[35,32,44]
[43,27,31]
[29,42,38]
[45,49,42]
[42,45,42]
[28,27,26]
[22,27,33]
[32,40,39]
]
[
[0,0,0]
[25,40,45]
[28,25,28]
[24,18,20]
[46,36,24]
[47,35,18]
[26,20,23]
[38,42,38]
[46,33,30]
[34,50,23]
[35,27,49]
[27,38,28]
[47,21,46]
[17,40,24]
[37,38,43]
[32,35,33]
[23,20,34]
[23,24,17]
[28,32,48]
[39,22,34]
[48,32,26]
[28,28,50]
[30,38,42]
[42,42,38]
[36,39,27]
[17,23,37]
[21,37,35]
[17,49,47]
[48,28,26]
[19,33,19]
[36,45,27]
]
[
[0,0,0]
[42,44,38]
[32,35,29]
[45,38,23]
[35,47,17]
[41,39,44]
[26,45,20]
[33,21,26]
[35,26,44]
[40,36,45]
[25,21,30]
[32,23,22]
[37,16,44]
[48,45,40]
[48,18,17]
[41,45,38]
[40,37,45]
[33,29,40]
[45,25,23]
[30,22,30]
[26,47,19]
[31,23,20]
[48,18,33]
[30,27,31]
[32,22,45]
[38,33,18]
[38,38,23]
[32,24,32]
[18,49,26]
[47,33,27]
[46,45,28]
]
[
[0,0,0]
[40,27,33]
[20,30,38]
[41,33,43]
[40,36,48]
[45,17,26]
[17,33,35]
[43,32,20]
[25,31,17]
[25,24,33]
[21,27,17]
[44,22,45]
[37,48,29]
[21,29,33]
[37,33,26]
[30,24,41]
[22,22,29]
[43,49,30]
[35,31,42]
[49,40,35]
[47,22,38]
[18,18,26]
[49,34,19]
[27,32,21]
[34,42,38]
[32,17,44]
[47,38,35]
[40,46,40]
[20,40,34]
[38,36,37]
[31,26,48]
]
[
[0,0,0]
[34,35,29]
[48,31,20]
[44,18,18]
[27,28,42]
[39,19,47]
[43,28,40]
[22,21,29]
[46,40,38]
[24,31,17]
[42,49,41]
[46,48,32]
[25,25,45]
[29,34,50]
[26,19,24]
[20,19,29]
[42,43,28]
[34,35,42]
[17,34,30]
[34,35,23]
[29,36,48]
[34,49,45]
[46,33,32]
[42,17,32]
[22,27,44]
[37,46,17]
[30,18,30]
[24,36,37]
[35,32,20]
[30,40,31]
[40,24,48]
]
[
[0,0,0]
[37,24,37]
[49,43,25]
[45,24,24]
[19,18,21]
[19,46,39]
[37,43,47]
[22,46,24]
[32,34,38]
[23,47,41]
[25,17,21]
[23,30,46]
[31,17,26]
[28,39,45]
[41,17,42]
[18,17,31]
[45,43,42]
[33,37,26]
[37,38,47]
[37,24,21]
[18,37,21]
[48,24,44]
[26,34,36]
[17,45,29]
[30,31,35]
[39,36,34]
[29,34,25]
[23,33,48]
[18,29,29]
[49,43,21]
[46,24,29]
]
[
[0,0,0]
[23,24,50]
[47,46,29]
[46,35,27]
[36,20,20]
[49,41,22]
[17,48,42]
[48,26,36]
[34,26,33]
[23,50,38]
[39,20,46]
[37,22,19]
[22,49,25]
[38,25,26]
[18,33,37]
[22,38,19]
[33,26,29]
[21,34,27]
[35,23,39]
[33,17,35]
[22,18,33]
[34,27,20]
[32,25,47]
[43,43,22]
[16,46,37]
[43,29,49]
[50,45,23]
[42,32,19]
[25,36,16]
[41,23,45]
[38,29,29]
]
[
[0,0,0]
[27,24,29]
[17,28,23]
[34,49,49]
[21,48,34]
[37,46,41]
[21,31,29]
[45,26,49]
[34,20,41]
[24,17,34]
[45,42,34]
[17,21,23]
[24,26,29]
[31,17,37]
[26,40,35]
[46,36,41]
[50,33,36]
[44,40,44]
[49,45,29]
[17,43,17]
[17,25,35]
[29,31,18]
[50,28,33]
[20,46,21]
[22,42,45]
[45,25,20]
[37,21,48]
[47,19,36]
[19,27,30]
[39,36,28]
[17,27,26]
]
[
[0,0,0]
[38,21,30]
[26,21,18]
[27,47,41]
[17,43,46]
[50,46,34]
[19,49,35]
[21,33,31]
[20,22,23]
[34,49,18]
[49,17,21]
[22,30,38]
[27,42,37]
[48,28,46]
[29,19,22]
[29,35,49]
[20,46,37]
[31,28,23]
[27,31,22]
[34,37,28]
[20,17,35]
[18,24,46]
[32,44,27]
[30,37,17]
[45,21,19]
[20,37,26]
[48,27,25]
[26,31,18]
[44,31,43]
[44,36,41]
[34,47,41]
]
[
[0,0,0]
[33,34,42]
[31,33,17]
[46,47,31]
[40,21,44]
[42,44,25]
[24,29,44]
[38,35,42]
[34,37,17]
[38,43,22]
[47,37,30]
[26,19,33]
[22,38,33]
[32,48,30]
[24,40,48]
[40,24,37]
[46,38,34]
[25,47,38]
[36,40,42]
[25,49,20]
[42,23,45]
[20,24,29]
[27,28,27]
[30,43,46]
[47,25,44]
[32,36,24]
[29,47,28]
[43,41,22]
[49,33,31]
[38,31,26]
[28,36,39]
]
];
d = [0,603,613,730,762,639,797,800,843,833,873,824,664,847,830,849,603,859,809,866,810,845,847,859,824,856,812,855,682,654,824];
tP=[0,91,53,32,78,98,42,46,51,39,16,28,28,2,57,27,5,97,74,59,34,73,65,73,2,45,27,3,68,19,47];
eP=[0,62,57,46,30,57,50,43,96,72,88,33,80,3,22,7,25,16,4,7,58,90,5,68,44,18,92,52,15,55,86];
