nMachines = 3;
nJobs = 30;
p = [
[0,0,0]
[111, 96, 143]
[78, 52, 130]
[111, 126, 126]
[98, 96, 123]
[86, 133, 130]
[131, 117, 109]
[101, 68, 136]
[53, 94, 98]
[57, 78, 120]
[112, 148, 105]
[124, 65, 64]
[103, 50, 85]
[56, 105, 78]
[86, 101, 106]
[125, 105, 54]
[141, 62, 85]
[135, 134, 55]
[78, 56, 103]
[61, 62, 135]
[55, 113, 143]
[65, 97, 87]
[113, 65, 60]
[98, 63, 95]
[80, 113, 137]
[136, 62, 139]
[135, 98, 127]
[146, 117, 142]
[53, 57, 64]
[53, 143, 50]
[94, 131, 67]
];
s = [
[
[0,0,0]
[0,0,0]
[0,0,0]
[0,0,0]
[0,0,0]
[0,0,0]
[0,0,0]
[0,0,0]
[0,0,0]
[0,0,0]
[0,0,0]
[0,0,0]
[0,0,0]
[0,0,0]
[0,0,0]
[0,0,0]
[0,0,0]
[0,0,0]
[0,0,0]
[0,0,0]
[0,0,0]
[0,0,0]
[0,0,0]
[0,0,0]
[0,0,0]
[0,0,0]
[0,0,0]
[0,0,0]
[0,0,0]
[0,0,0]
[0,0,0]
]
[
[0,0,0]
[36,24,30]
[34,34,41]
[25,27,21]
[39,17,37]
[18,27,29]
[42,24,27]
[21,25,39]
[16,29,48]
[48,19,38]
[26,38,44]
[22,33,27]
[45,31,44]
[44,45,37]
[24,36,26]
[36,41,33]
[47,35,22]
[42,19,27]
[18,47,16]
[36,22,31]
[45,27,34]
[32,35,39]
[23,29,35]
[18,22,38]
[16,23,17]
[43,47,17]
[48,41,44]
[26,30,26]
[42,16,40]
[42,40,36]
[32,29,34]
]
[
[0,0,0]
[29,45,37]
[29,33,18]
[46,26,28]
[23,30,38]
[38,19,41]
[46,18,31]
[30,21,25]
[43,19,40]
[42,26,29]
[33,41,17]
[32,42,30]
[28,20,21]
[48,42,33]
[36,33,28]
[31,43,48]
[36,30,42]
[33,18,38]
[38,25,23]
[26,45,34]
[18,44,20]
[41,19,40]
[29,16,27]
[43,33,39]
[41,37,36]
[16,44,31]
[26,34,46]
[43,41,44]
[48,43,29]
[16,26,30]
[46,38,17]
]
[
[0,0,0]
[26,20,34]
[31,37,41]
[30,17,45]
[20,43,24]
[32,26,20]
[38,33,28]
[40,21,31]
[27,33,46]
[18,48,44]
[47,26,27]
[39,25,27]
[18,32,16]
[29,17,46]
[40,37,23]
[35,48,31]
[42,20,38]
[45,32,28]
[24,46,18]
[16,28,20]
[45,36,44]
[28,19,48]
[24,26,41]
[22,37,38]
[47,20,24]
[40,31,26]
[43,27,17]
[37,26,24]
[46,30,44]
[30,37,16]
[31,28,35]
]
[
[0,0,0]
[45,16,42]
[46,23,35]
[45,16,43]
[28,45,18]
[38,37,17]
[33,44,31]
[40,22,43]
[27,42,40]
[26,31,26]
[23,16,42]
[25,34,44]
[48,19,24]
[45,45,35]
[41,25,34]
[22,46,34]
[29,27,48]
[43,37,46]
[45,21,43]
[38,28,43]
[23,28,43]
[26,43,29]
[46,17,37]
[43,26,37]
[38,45,45]
[46,42,18]
[47,21,21]
[28,27,16]
[44,35,29]
[32,40,35]
[30,24,37]
]
[
[0,0,0]
[41,27,34]
[20,33,41]
[18,39,26]
[24,44,27]
[25,35,30]
[43,23,20]
[17,30,37]
[27,43,30]
[23,43,29]
[31,47,27]
[28,37,33]
[45,48,18]
[46,24,32]
[38,22,35]
[25,41,32]
[48,23,38]
[22,46,25]
[38,39,20]
[27,21,20]
[40,30,17]
[20,40,43]
[27,40,33]
[43,17,29]
[35,25,36]
[37,37,36]
[21,35,16]
[35,36,26]
[32,16,19]
[24,38,18]
[25,25,16]
]
[
[0,0,0]
[41,23,46]
[38,16,32]
[20,29,46]
[37,20,28]
[47,29,39]
[35,30,27]
[21,16,32]
[19,27,37]
[23,28,24]
[24,17,42]
[24,41,45]
[31,47,29]
[43,36,28]
[30,25,46]
[38,39,44]
[21,36,25]
[21,28,44]
[47,38,21]
[43,40,43]
[47,30,48]
[29,39,27]
[35,29,47]
[36,44,36]
[17,43,28]
[27,39,29]
[22,18,30]
[47,41,21]
[24,42,28]
[45,20,46]
[46,18,45]
]
[
[0,0,0]
[24,34,30]
[36,26,30]
[31,24,33]
[21,18,29]
[41,23,34]
[20,16,35]
[35,45,40]
[34,39,44]
[23,27,18]
[26,19,25]
[33,19,45]
[18,38,42]
[41,44,24]
[29,42,29]
[40,47,17]
[43,42,26]
[46,26,27]
[40,36,19]
[40,45,26]
[30,43,44]
[27,23,24]
[35,32,47]
[41,41,39]
[32,22,33]
[21,35,28]
[30,27,47]
[21,33,26]
[25,34,39]
[37,21,44]
[34,44,36]
]
[
[0,0,0]
[34,40,19]
[31,39,21]
[47,48,17]
[47,25,19]
[30,27,28]
[20,23,44]
[28,25,22]
[30,45,17]
[26,34,37]
[45,23,37]
[24,34,23]
[30,33,35]
[44,23,20]
[33,28,24]
[26,22,18]
[48,35,33]
[38,45,45]
[23,31,28]
[39,23,37]
[48,41,20]
[47,34,17]
[35,21,45]
[39,16,32]
[17,35,42]
[19,42,23]
[17,44,41]
[20,44,17]
[38,33,37]
[19,47,47]
[21,28,31]
]
[
[0,0,0]
[20,44,22]
[21,36,32]
[25,31,34]
[17,39,35]
[32,25,17]
[34,20,25]
[16,42,29]
[26,45,39]
[34,28,18]
[23,23,20]
[36,40,42]
[29,18,33]
[34,45,22]
[47,39,26]
[18,19,45]
[20,35,41]
[33,33,47]
[35,36,45]
[32,24,18]
[30,30,31]
[18,32,38]
[41,30,23]
[35,17,32]
[29,28,20]
[43,35,34]
[26,31,34]
[22,47,20]
[16,18,48]
[32,47,18]
[34,42,35]
]
[
[0,0,0]
[19,45,16]
[28,44,24]
[22,29,29]
[27,28,47]
[17,42,37]
[35,22,30]
[20,18,40]
[40,23,28]
[34,44,25]
[38,38,26]
[32,33,37]
[42,28,23]
[24,26,37]
[40,48,23]
[40,36,47]
[25,28,42]
[26,36,16]
[25,34,21]
[38,35,42]
[39,20,27]
[23,43,48]
[45,33,21]
[29,31,17]
[20,28,44]
[37,25,41]
[46,35,48]
[42,40,34]
[38,48,28]
[18,30,27]
[39,35,25]
]
[
[0,0,0]
[17,31,37]
[22,40,44]
[34,45,43]
[27,27,45]
[24,42,31]
[37,45,31]
[37,34,42]
[33,39,24]
[37,20,27]
[16,42,23]
[31,20,43]
[36,16,48]
[23,44,28]
[34,22,25]
[34,28,45]
[45,46,27]
[37,37,46]
[19,26,46]
[48,34,37]
[41,24,25]
[33,18,31]
[30,44,26]
[22,19,37]
[35,18,39]
[28,32,28]
[37,42,22]
[41,30,43]
[20,35,34]
[40,47,23]
[31,18,39]
]
[
[0,0,0]
[35,41,29]
[24,36,21]
[44,46,47]
[23,28,43]
[36,21,37]
[35,48,22]
[45,17,27]
[48,46,29]
[36,22,17]
[25,34,43]
[34,41,23]
[31,25,46]
[32,20,26]
[22,24,33]
[38,41,42]
[28,33,40]
[20,24,43]
[29,36,42]
[31,39,18]
[20,28,47]
[37,43,23]
[28,38,43]
[30,28,38]
[28,22,46]
[33,43,36]
[31,41,37]
[43,40,30]
[42,28,31]
[26,18,24]
[42,35,39]
]
[
[0,0,0]
[37,27,41]
[27,20,18]
[48,31,29]
[19,44,33]
[28,30,46]
[19,36,41]
[44,35,18]
[43,36,22]
[36,36,36]
[22,41,18]
[19,21,43]
[28,28,38]
[44,28,30]
[27,22,38]
[16,22,33]
[40,42,27]
[29,28,46]
[33,29,40]
[37,45,21]
[34,30,24]
[24,43,48]
[46,30,45]
[28,26,32]
[40,34,42]
[38,19,25]
[42,29,35]
[42,27,36]
[43,44,36]
[18,32,45]
[47,41,31]
]
[
[0,0,0]
[22,41,16]
[45,47,41]
[34,39,39]
[38,31,30]
[23,46,28]
[19,23,42]
[23,41,18]
[39,47,42]
[20,47,41]
[38,48,24]
[37,32,22]
[41,25,34]
[26,38,28]
[32,46,20]
[41,22,24]
[20,23,20]
[43,31,33]
[42,42,27]
[23,21,42]
[37,47,22]
[16,25,45]
[40,36,16]
[35,42,34]
[27,46,16]
[22,36,42]
[33,16,37]
[17,28,34]
[47,17,31]
[16,41,25]
[30,41,32]
]
[
[0,0,0]
[27,29,47]
[19,22,30]
[28,42,41]
[41,28,23]
[43,42,19]
[24,24,30]
[40,37,40]
[33,28,30]
[36,29,34]
[20,34,47]
[43,35,33]
[26,20,47]
[25,24,28]
[43,40,22]
[48,39,40]
[16,27,31]
[48,24,24]
[30,30,37]
[24,34,21]
[19,39,34]
[29,17,30]
[21,21,38]
[38,21,28]
[28,36,17]
[31,48,37]
[40,25,32]
[43,31,42]
[46,37,24]
[40,39,44]
[36,45,35]
]
[
[0,0,0]
[35,37,19]
[22,35,45]
[36,27,35]
[28,33,20]
[28,17,22]
[19,28,41]
[20,47,18]
[21,36,32]
[30,32,24]
[29,48,32]
[47,23,38]
[38,29,38]
[21,20,24]
[31,18,37]
[29,25,21]
[28,35,46]
[23,19,36]
[37,26,39]
[17,44,30]
[33,45,21]
[48,41,24]
[47,27,39]
[40,30,40]
[35,25,19]
[28,22,47]
[42,43,26]
[37,34,20]
[42,45,35]
[46,45,21]
[21,46,39]
]
[
[0,0,0]
[29,47,37]
[19,43,43]
[16,41,38]
[41,24,35]
[35,18,37]
[27,22,19]
[21,25,34]
[40,37,33]
[46,42,33]
[47,43,26]
[47,30,45]
[22,44,39]
[37,16,30]
[28,42,26]
[44,32,36]
[44,42,45]
[18,40,38]
[39,41,22]
[33,18,22]
[28,40,45]
[43,47,37]
[16,30,16]
[48,25,41]
[44,22,18]
[26,43,20]
[36,18,47]
[40,21,30]
[34,30,27]
[46,42,19]
[30,20,42]
]
[
[0,0,0]
[17,20,39]
[31,38,40]
[35,37,33]
[21,21,32]
[29,22,24]
[17,36,32]
[46,37,40]
[19,45,26]
[22,44,39]
[48,25,41]
[48,32,20]
[18,16,39]
[20,30,28]
[38,34,35]
[20,36,31]
[28,18,20]
[17,29,39]
[36,30,25]
[35,18,20]
[22,43,17]
[20,45,20]
[35,36,37]
[38,48,28]
[34,38,24]
[42,20,31]
[25,40,37]
[22,25,42]
[45,38,33]
[40,30,21]
[47,33,46]
]
[
[0,0,0]
[47,36,30]
[17,42,30]
[27,28,40]
[26,45,46]
[22,26,42]
[32,21,43]
[33,38,27]
[43,17,43]
[41,38,36]
[38,17,17]
[40,19,22]
[16,33,29]
[36,45,32]
[33,43,29]
[40,34,29]
[16,20,43]
[21,17,16]
[45,36,28]
[27,37,47]
[17,38,38]
[40,29,41]
[26,44,24]
[33,46,20]
[36,17,42]
[26,45,33]
[21,27,16]
[42,34,35]
[41,33,36]
[26,35,44]
[33,28,36]
]
[
[0,0,0]
[40,45,18]
[36,35,29]
[18,33,31]
[44,38,25]
[28,19,35]
[37,43,37]
[29,30,45]
[29,38,21]
[41,24,45]
[20,47,28]
[33,18,41]
[21,41,38]
[33,32,36]
[37,30,24]
[30,21,38]
[43,40,30]
[32,28,42]
[21,20,18]
[32,16,34]
[22,18,38]
[30,19,28]
[38,28,28]
[21,43,18]
[41,19,18]
[24,41,27]
[28,32,32]
[24,31,44]
[34,42,25]
[24,36,42]
[27,40,16]
]
[
[0,0,0]
[19,25,26]
[32,18,27]
[27,42,24]
[38,19,39]
[33,35,21]
[43,29,39]
[48,26,35]
[37,26,45]
[42,28,35]
[31,28,41]
[42,46,26]
[22,46,21]
[43,43,21]
[25,20,31]
[30,48,29]
[24,29,23]
[20,36,46]
[21,22,34]
[26,37,27]
[31,46,42]
[35,35,23]
[48,43,40]
[31,40,47]
[35,38,44]
[23,17,31]
[18,29,43]
[47,41,28]
[23,40,30]
[32,41,20]
[38,42,40]
]
[
[0,0,0]
[41,21,36]
[18,43,32]
[37,23,27]
[30,29,24]
[20,18,32]
[16,32,20]
[18,45,19]
[26,34,47]
[39,30,45]
[37,23,33]
[40,35,43]
[38,43,35]
[22,47,21]
[27,44,29]
[42,26,29]
[48,30,38]
[41,25,32]
[47,46,42]
[40,42,34]
[39,23,48]
[40,22,18]
[36,24,32]
[40,26,43]
[48,41,21]
[21,42,33]
[45,16,33]
[43,20,46]
[22,22,21]
[40,35,29]
[25,24,25]
]
[
[0,0,0]
[30,19,18]
[42,38,18]
[20,41,43]
[43,42,35]
[41,23,16]
[43,42,40]
[41,45,27]
[34,22,16]
[29,22,24]
[33,17,33]
[22,18,20]
[23,30,40]
[41,22,30]
[17,19,39]
[21,18,40]
[36,33,31]
[34,38,46]
[42,16,39]
[32,41,40]
[22,45,47]
[17,40,27]
[30,25,27]
[39,48,48]
[37,46,22]
[28,24,44]
[38,23,35]
[43,33,33]
[31,35,42]
[40,45,23]
[35,36,18]
]
[
[0,0,0]
[38,26,28]
[42,35,33]
[45,42,17]
[31,32,27]
[19,26,27]
[31,47,20]
[44,45,19]
[20,16,32]
[33,32,20]
[26,20,44]
[25,33,34]
[42,37,18]
[48,23,39]
[36,40,42]
[40,38,36]
[43,32,27]
[47,47,22]
[42,19,27]
[47,29,41]
[38,17,18]
[40,27,18]
[28,45,16]
[21,35,43]
[17,28,47]
[35,37,39]
[28,46,46]
[37,34,48]
[31,22,19]
[43,44,28]
[20,22,34]
]
[
[0,0,0]
[18,19,48]
[31,43,40]
[34,36,44]
[40,38,27]
[34,41,33]
[46,35,41]
[39,28,18]
[21,17,42]
[27,19,21]
[30,41,34]
[38,16,33]
[19,29,37]
[38,35,48]
[31,17,25]
[36,40,42]
[30,25,18]
[38,48,44]
[38,33,47]
[26,28,37]
[45,26,27]
[37,28,20]
[46,41,35]
[42,43,23]
[42,42,17]
[37,28,22]
[45,24,26]
[27,17,35]
[17,35,47]
[21,22,35]
[17,44,45]
]
[
[0,0,0]
[20,32,41]
[40,45,35]
[46,18,29]
[22,44,22]
[17,24,40]
[47,27,48]
[35,43,29]
[45,31,36]
[39,24,26]
[47,24,23]
[17,18,45]
[21,43,25]
[31,48,20]
[48,17,28]
[22,44,44]
[36,36,25]
[44,17,29]
[33,16,48]
[26,37,23]
[38,25,43]
[45,47,40]
[34,34,41]
[26,42,37]
[33,46,23]
[19,25,40]
[48,39,26]
[27,19,16]
[40,19,39]
[18,21,48]
[18,23,40]
]
[
[0,0,0]
[21,45,39]
[40,27,20]
[26,24,33]
[43,32,32]
[31,38,45]
[16,23,22]
[45,36,29]
[20,21,23]
[31,36,35]
[24,41,29]
[25,17,26]
[37,18,43]
[17,30,38]
[23,17,39]
[25,37,31]
[38,27,42]
[40,28,24]
[29,20,17]
[19,46,37]
[18,33,44]
[31,27,34]
[34,43,32]
[29,39,30]
[45,30,22]
[18,47,37]
[35,29,38]
[33,43,46]
[48,46,23]
[19,17,40]
[22,27,29]
]
[
[0,0,0]
[39,25,43]
[30,46,31]
[42,29,21]
[37,36,17]
[38,32,32]
[29,41,44]
[17,30,24]
[21,23,44]
[34,46,16]
[26,35,17]
[23,33,19]
[28,35,26]
[47,47,45]
[42,37,33]
[40,43,36]
[21,45,27]
[46,46,21]
[26,20,39]
[34,30,40]
[34,19,22]
[27,43,28]
[18,23,26]
[21,39,28]
[32,19,44]
[40,31,44]
[36,27,43]
[29,34,35]
[23,21,37]
[20,39,28]
[24,34,19]
]
[
[0,0,0]
[23,29,17]
[40,39,39]
[20,27,33]
[39,31,38]
[38,46,44]
[33,42,28]
[37,19,40]
[44,21,29]
[39,43,44]
[47,25,46]
[16,22,25]
[38,26,39]
[41,20,23]
[25,16,18]
[46,47,34]
[22,19,24]
[22,27,28]
[45,22,38]
[24,23,23]
[30,31,47]
[28,43,34]
[46,42,48]
[19,26,16]
[46,30,29]
[31,26,35]
[44,39,25]
[29,45,39]
[25,35,17]
[18,41,20]
[31,27,48]
]
[
[0,0,0]
[40,29,36]
[33,47,36]
[33,16,33]
[41,33,32]
[21,37,40]
[46,38,24]
[38,43,34]
[18,33,16]
[26,27,19]
[30,44,42]
[17,17,25]
[27,38,39]
[36,45,22]
[27,42,46]
[31,33,44]
[33,45,35]
[28,38,42]
[27,31,44]
[31,43,39]
[26,45,37]
[18,45,46]
[25,36,23]
[41,18,36]
[33,26,38]
[35,32,35]
[32,21,42]
[19,42,41]
[28,29,47]
[20,30,34]
[43,34,27]
]
];
d = [0,644,789,841,683,831,787,764,670,803,783,823,818,738,607,823,794,773,797,693,573,757,762,688,838,792,833,716,619,795,769];
tP=[0,14,86,41,52,37,27,20,74,58,50,80,47,48,97,18,8,80,56,85,43,35,47,27,27,45,54,34,68,75,31];
eP=[0,3,75,57,21,44,21,10,84,23,3,23,57,17,49,78,63,40,40,21,19,10,23,2,77,66,7,45,20,36,27];
