nMachines = 3;
nJobs = 30;
p = [
[0,0,0]
[64, 145, 94]
[73, 55, 106]
[80, 114, 147]
[64, 131, 95]
[126, 106, 89]
[123, 98, 117]
[53, 74, 129]
[125, 142, 125]
[120, 61, 118]
[96, 106, 116]
[126, 122, 132]
[148, 59, 115]
[122, 113, 97]
[125, 58, 87]
[134, 125, 86]
[102, 62, 82]
[77, 105, 82]
[79, 59, 53]
[127, 123, 67]
[148, 130, 149]
[72, 130, 79]
[74, 81, 116]
[141, 139, 100]
[126, 110, 149]
[133, 130, 128]
[54, 100, 69]
[58, 89, 74]
[60, 88, 80]
[71, 116, 147]
[107, 126, 59]
];
s = [
[
[0,0,0]
[0,0,0]
[0,0,0]
[0,0,0]
[0,0,0]
[0,0,0]
[0,0,0]
[0,0,0]
[0,0,0]
[0,0,0]
[0,0,0]
[0,0,0]
[0,0,0]
[0,0,0]
[0,0,0]
[0,0,0]
[0,0,0]
[0,0,0]
[0,0,0]
[0,0,0]
[0,0,0]
[0,0,0]
[0,0,0]
[0,0,0]
[0,0,0]
[0,0,0]
[0,0,0]
[0,0,0]
[0,0,0]
[0,0,0]
[0,0,0]
]
[
[0,0,0]
[37,23,41]
[25,41,27]
[30,46,37]
[23,27,29]
[45,41,34]
[36,21,18]
[40,48,31]
[44,29,40]
[22,36,24]
[33,27,30]
[28,47,41]
[29,21,41]
[36,17,36]
[49,37,47]
[37,40,39]
[46,23,24]
[50,32,38]
[31,31,31]
[38,35,34]
[20,24,39]
[30,50,40]
[41,18,23]
[50,32,41]
[51,48,41]
[33,32,20]
[33,27,26]
[18,37,32]
[38,17,34]
[26,41,50]
[26,32,36]
]
[
[0,0,0]
[26,20,27]
[27,29,34]
[44,19,50]
[18,39,32]
[48,27,26]
[19,26,45]
[40,23,20]
[37,20,24]
[36,45,26]
[37,25,36]
[48,42,47]
[40,33,24]
[41,33,50]
[45,49,31]
[21,26,34]
[42,38,18]
[47,32,32]
[25,36,33]
[33,37,49]
[32,27,50]
[49,21,24]
[20,29,37]
[29,47,29]
[41,18,35]
[36,28,21]
[23,31,20]
[42,33,40]
[21,42,31]
[30,42,43]
[31,44,48]
]
[
[0,0,0]
[33,23,44]
[22,29,35]
[33,45,34]
[48,39,39]
[34,50,44]
[42,49,47]
[44,30,43]
[22,42,42]
[20,18,31]
[18,23,46]
[37,41,43]
[47,41,31]
[47,22,17]
[17,39,42]
[21,18,41]
[36,40,21]
[40,44,23]
[38,28,32]
[40,38,50]
[47,18,49]
[26,40,30]
[30,37,44]
[17,41,44]
[45,26,23]
[33,49,32]
[38,46,32]
[43,33,32]
[41,25,36]
[46,35,18]
[48,39,25]
]
[
[0,0,0]
[32,46,20]
[18,44,38]
[31,29,42]
[45,20,34]
[29,36,21]
[39,49,44]
[23,44,32]
[45,50,27]
[41,36,26]
[22,47,28]
[34,31,50]
[41,33,49]
[38,50,50]
[36,37,41]
[27,21,49]
[19,46,47]
[36,36,19]
[32,33,48]
[49,47,39]
[32,43,45]
[43,36,39]
[36,24,30]
[39,42,45]
[43,28,41]
[41,26,46]
[43,24,19]
[26,30,46]
[35,24,21]
[50,49,39]
[26,27,17]
]
[
[0,0,0]
[32,18,23]
[37,38,45]
[21,30,43]
[50,50,39]
[34,23,38]
[48,21,23]
[42,41,29]
[36,49,31]
[40,36,38]
[29,40,38]
[34,42,24]
[17,44,18]
[41,49,22]
[31,33,29]
[21,18,40]
[24,32,18]
[41,30,29]
[23,48,19]
[44,20,27]
[36,41,30]
[36,29,45]
[37,21,48]
[29,41,17]
[32,46,22]
[42,31,49]
[37,39,50]
[17,35,38]
[34,32,33]
[44,37,27]
[39,48,45]
]
[
[0,0,0]
[46,40,38]
[17,17,43]
[40,24,37]
[43,37,30]
[30,35,48]
[32,33,32]
[19,43,47]
[45,47,33]
[48,50,21]
[37,23,43]
[45,25,47]
[24,44,47]
[42,42,43]
[42,23,35]
[46,50,46]
[33,20,35]
[39,44,34]
[49,35,27]
[29,42,34]
[26,17,40]
[42,49,46]
[27,30,49]
[44,44,17]
[41,47,26]
[24,42,46]
[32,32,17]
[34,36,18]
[41,36,17]
[20,20,43]
[50,18,48]
]
[
[0,0,0]
[18,17,39]
[23,41,19]
[41,28,47]
[24,22,45]
[22,30,17]
[40,20,50]
[24,21,24]
[46,39,18]
[37,22,41]
[44,42,20]
[45,19,49]
[33,49,24]
[19,47,20]
[23,32,36]
[35,17,26]
[29,43,22]
[30,21,33]
[19,42,22]
[30,19,34]
[47,28,34]
[40,17,32]
[17,31,28]
[49,25,46]
[42,35,35]
[35,42,32]
[28,26,28]
[26,47,37]
[40,43,42]
[18,46,24]
[21,22,20]
]
[
[0,0,0]
[42,41,44]
[23,32,23]
[38,27,28]
[33,46,17]
[31,36,49]
[17,44,41]
[27,41,33]
[42,40,41]
[43,41,48]
[18,23,28]
[28,27,36]
[33,50,23]
[47,43,40]
[45,41,36]
[29,19,24]
[51,42,43]
[35,34,23]
[29,39,32]
[38,50,17]
[50,44,27]
[25,33,49]
[25,19,22]
[50,24,39]
[21,36,40]
[39,37,42]
[23,50,36]
[29,29,36]
[19,49,49]
[32,44,39]
[23,43,30]
]
[
[0,0,0]
[25,45,42]
[45,45,30]
[17,46,30]
[23,44,35]
[46,43,25]
[28,23,22]
[30,37,38]
[36,34,19]
[31,39,31]
[42,37,18]
[17,17,21]
[27,29,35]
[19,25,37]
[32,23,29]
[39,24,46]
[40,35,46]
[34,31,26]
[36,46,17]
[25,48,22]
[21,17,19]
[24,23,33]
[40,23,40]
[49,39,27]
[30,36,35]
[37,49,46]
[23,33,29]
[39,24,21]
[20,30,20]
[17,24,19]
[44,20,45]
]
[
[0,0,0]
[33,25,33]
[17,47,32]
[38,24,45]
[38,21,25]
[25,38,25]
[20,20,26]
[48,17,45]
[39,32,30]
[19,41,34]
[26,47,20]
[39,29,20]
[17,39,28]
[27,34,27]
[19,44,20]
[22,39,38]
[28,46,49]
[23,32,19]
[49,50,27]
[33,34,43]
[43,27,20]
[34,24,30]
[41,20,45]
[17,42,43]
[35,27,27]
[35,30,29]
[35,30,48]
[20,21,21]
[33,22,23]
[46,19,21]
[24,37,24]
]
[
[0,0,0]
[19,31,30]
[29,35,37]
[26,31,34]
[33,27,37]
[30,23,28]
[34,30,39]
[17,38,49]
[42,46,29]
[33,42,25]
[29,44,50]
[25,33,20]
[34,26,39]
[37,44,32]
[17,36,42]
[30,28,22]
[30,27,40]
[49,29,25]
[47,24,36]
[21,21,39]
[30,19,29]
[25,48,18]
[18,29,25]
[30,20,23]
[50,29,22]
[27,31,26]
[25,25,21]
[17,33,17]
[19,21,50]
[43,47,23]
[20,35,40]
]
[
[0,0,0]
[41,31,34]
[44,49,41]
[47,47,35]
[26,21,42]
[33,26,33]
[38,40,28]
[43,29,17]
[18,18,23]
[44,35,26]
[21,46,35]
[24,18,18]
[31,36,22]
[22,43,42]
[27,42,26]
[40,27,49]
[20,25,28]
[40,28,37]
[23,20,33]
[20,35,20]
[30,28,42]
[42,39,40]
[44,37,31]
[40,42,21]
[39,46,33]
[19,24,47]
[46,49,37]
[18,38,29]
[39,20,26]
[28,29,42]
[47,20,37]
]
[
[0,0,0]
[32,42,18]
[31,32,41]
[22,40,36]
[29,25,17]
[45,50,20]
[44,41,20]
[19,25,19]
[17,21,24]
[34,38,49]
[19,46,45]
[30,30,37]
[31,28,31]
[50,37,48]
[28,27,41]
[25,30,20]
[31,25,34]
[32,30,42]
[35,35,26]
[40,38,17]
[26,17,41]
[39,41,40]
[32,31,49]
[27,31,20]
[28,41,25]
[43,18,42]
[19,26,31]
[27,20,46]
[47,32,42]
[34,29,38]
[44,40,26]
]
[
[0,0,0]
[37,28,41]
[27,21,17]
[35,19,41]
[39,51,35]
[41,25,17]
[31,38,30]
[34,27,28]
[28,44,29]
[35,19,37]
[42,27,19]
[48,33,19]
[40,40,30]
[19,40,40]
[23,22,19]
[18,36,43]
[39,17,18]
[46,41,41]
[44,26,40]
[22,48,29]
[44,21,39]
[41,18,47]
[48,28,32]
[46,28,49]
[45,32,48]
[43,30,24]
[18,42,21]
[17,43,36]
[30,40,49]
[42,46,50]
[48,43,26]
]
[
[0,0,0]
[25,34,36]
[18,31,37]
[30,45,22]
[42,41,46]
[24,39,33]
[47,18,49]
[43,45,17]
[41,48,25]
[40,45,42]
[44,50,21]
[17,18,24]
[41,45,38]
[42,31,24]
[33,22,50]
[32,25,37]
[40,34,38]
[31,25,18]
[48,44,23]
[28,41,17]
[19,31,42]
[45,24,19]
[20,43,22]
[49,18,33]
[38,34,40]
[39,33,40]
[39,17,19]
[36,42,27]
[18,19,17]
[26,48,44]
[25,39,36]
]
[
[0,0,0]
[17,38,19]
[27,27,29]
[19,32,38]
[36,31,34]
[39,21,39]
[22,27,45]
[18,45,19]
[23,19,43]
[26,18,40]
[33,20,50]
[19,23,48]
[40,30,46]
[43,28,23]
[22,17,30]
[36,42,20]
[17,51,45]
[23,37,49]
[38,41,33]
[44,30,21]
[42,33,30]
[28,19,27]
[26,32,27]
[24,42,23]
[21,43,22]
[34,49,48]
[18,33,37]
[19,41,41]
[48,27,27]
[45,21,40]
[29,36,46]
]
[
[0,0,0]
[35,47,46]
[17,39,42]
[30,42,47]
[22,34,26]
[32,38,24]
[26,17,20]
[32,18,19]
[29,50,31]
[38,30,25]
[47,25,36]
[33,49,43]
[18,18,40]
[33,26,28]
[48,25,28]
[21,44,30]
[27,42,36]
[33,35,45]
[31,27,25]
[33,36,30]
[21,26,24]
[30,34,29]
[25,43,39]
[31,44,23]
[21,32,23]
[29,47,17]
[22,32,21]
[20,26,34]
[22,46,21]
[19,31,33]
[19,40,47]
]
[
[0,0,0]
[41,42,44]
[33,24,35]
[29,17,33]
[49,25,33]
[31,41,23]
[43,35,24]
[23,43,28]
[38,28,38]
[26,21,33]
[41,28,47]
[42,26,43]
[31,41,38]
[22,27,34]
[43,37,34]
[29,19,40]
[23,18,26]
[25,41,23]
[35,39,35]
[42,47,37]
[36,21,50]
[17,17,28]
[42,22,31]
[26,37,50]
[35,31,46]
[47,47,24]
[24,31,49]
[20,50,32]
[23,30,24]
[38,26,26]
[48,43,41]
]
[
[0,0,0]
[42,25,20]
[18,18,48]
[18,18,41]
[49,40,36]
[22,33,47]
[50,26,28]
[26,45,50]
[37,21,33]
[24,18,17]
[49,23,17]
[32,19,30]
[22,31,36]
[37,19,29]
[21,23,22]
[45,41,44]
[19,45,17]
[31,40,32]
[39,36,20]
[37,18,34]
[36,35,29]
[20,30,29]
[20,31,39]
[21,19,46]
[49,33,23]
[44,46,31]
[44,46,42]
[42,26,45]
[38,50,44]
[18,38,38]
[38,29,20]
]
[
[0,0,0]
[21,48,37]
[46,36,29]
[30,41,26]
[29,42,37]
[24,27,44]
[27,35,33]
[47,34,32]
[29,27,34]
[36,43,27]
[23,47,39]
[43,38,31]
[48,27,42]
[44,21,28]
[29,27,29]
[26,17,19]
[29,38,42]
[31,17,40]
[45,32,42]
[33,46,32]
[37,34,26]
[26,45,21]
[49,18,37]
[44,49,24]
[49,23,39]
[23,25,19]
[49,24,19]
[30,21,47]
[24,49,34]
[21,19,28]
[41,25,43]
]
[
[0,0,0]
[40,24,48]
[17,47,50]
[22,50,34]
[19,20,49]
[25,25,43]
[36,41,19]
[26,50,39]
[19,32,23]
[22,37,27]
[47,35,26]
[29,38,47]
[32,42,33]
[40,31,18]
[31,39,46]
[38,21,36]
[23,36,33]
[35,21,47]
[18,35,21]
[22,26,47]
[49,41,27]
[45,27,17]
[35,22,33]
[45,45,27]
[46,34,32]
[35,37,40]
[21,40,19]
[29,22,32]
[28,30,37]
[33,50,20]
[32,49,30]
]
[
[0,0,0]
[46,18,31]
[25,23,18]
[47,43,21]
[49,48,18]
[20,32,42]
[34,49,44]
[20,29,17]
[51,42,33]
[28,41,28]
[27,43,41]
[27,24,33]
[27,36,38]
[35,48,29]
[26,37,33]
[19,24,48]
[26,21,28]
[49,33,20]
[30,23,33]
[47,40,34]
[23,18,20]
[37,35,45]
[26,28,31]
[31,40,20]
[35,26,26]
[29,32,33]
[21,26,50]
[17,47,29]
[38,26,50]
[29,24,36]
[31,26,29]
]
[
[0,0,0]
[43,36,33]
[24,45,38]
[23,30,41]
[40,17,38]
[29,17,47]
[36,40,50]
[17,22,30]
[32,26,32]
[37,23,47]
[38,22,20]
[22,48,41]
[22,30,19]
[49,39,21]
[37,46,22]
[26,27,37]
[28,26,23]
[20,42,36]
[44,31,33]
[45,38,48]
[35,36,36]
[43,46,34]
[43,36,40]
[50,28,41]
[38,43,29]
[42,40,47]
[46,29,19]
[37,48,32]
[32,50,43]
[19,31,45]
[37,19,18]
]
[
[0,0,0]
[42,46,24]
[41,19,21]
[43,31,27]
[23,45,40]
[47,38,40]
[43,17,26]
[40,36,33]
[47,17,47]
[33,36,39]
[20,34,37]
[27,18,49]
[28,37,49]
[22,41,27]
[43,38,38]
[37,19,19]
[24,20,25]
[46,50,25]
[17,44,30]
[26,28,41]
[19,26,48]
[21,32,34]
[25,18,19]
[24,41,36]
[20,39,43]
[45,50,17]
[25,43,40]
[40,29,30]
[36,22,20]
[36,41,38]
[49,26,42]
]
[
[0,0,0]
[21,28,44]
[47,26,24]
[26,40,33]
[30,39,34]
[32,39,28]
[20,25,38]
[40,45,43]
[30,32,34]
[31,38,41]
[40,38,26]
[50,17,48]
[45,38,36]
[31,34,43]
[25,18,30]
[30,45,21]
[33,41,29]
[39,17,34]
[48,17,32]
[40,47,41]
[45,41,49]
[36,42,38]
[45,41,39]
[32,30,38]
[39,29,20]
[32,26,22]
[48,49,39]
[47,30,19]
[28,20,20]
[40,37,36]
[41,29,50]
]
[
[0,0,0]
[25,20,38]
[49,42,23]
[42,36,35]
[43,30,44]
[36,21,24]
[31,43,30]
[27,27,37]
[22,29,46]
[39,22,44]
[37,43,22]
[35,40,22]
[32,50,33]
[24,20,49]
[21,32,43]
[32,38,32]
[32,28,28]
[17,47,46]
[18,22,39]
[41,46,21]
[20,27,21]
[36,40,19]
[49,49,30]
[25,50,29]
[28,48,24]
[28,24,25]
[18,37,43]
[17,50,27]
[28,36,18]
[18,22,17]
[46,35,38]
]
[
[0,0,0]
[21,22,32]
[42,34,20]
[37,24,21]
[48,20,20]
[27,17,32]
[44,48,42]
[17,27,47]
[36,23,29]
[34,18,34]
[35,45,17]
[22,34,35]
[47,24,47]
[49,38,36]
[44,17,23]
[48,24,36]
[28,27,32]
[31,26,38]
[50,37,25]
[46,50,28]
[31,38,28]
[46,43,27]
[37,49,30]
[26,30,36]
[47,36,24]
[38,43,39]
[43,47,29]
[41,42,49]
[46,26,28]
[51,32,41]
[35,39,29]
]
[
[0,0,0]
[47,42,49]
[45,24,19]
[20,34,43]
[46,27,42]
[45,20,44]
[43,34,43]
[25,47,50]
[21,23,21]
[50,50,30]
[49,31,30]
[35,50,50]
[33,23,21]
[44,37,38]
[49,30,21]
[37,17,39]
[45,33,29]
[46,33,26]
[21,49,45]
[50,49,34]
[50,21,45]
[29,34,26]
[39,18,39]
[32,45,38]
[26,40,26]
[27,48,22]
[40,23,23]
[23,50,38]
[37,45,46]
[37,19,24]
[46,39,40]
]
[
[0,0,0]
[37,29,19]
[18,22,21]
[20,51,29]
[34,17,36]
[28,31,34]
[48,50,49]
[48,24,45]
[30,29,39]
[31,39,46]
[49,33,48]
[20,49,33]
[35,32,46]
[44,47,24]
[22,34,22]
[48,18,40]
[26,28,24]
[29,36,17]
[18,27,26]
[49,46,31]
[42,39,27]
[20,42,23]
[20,36,41]
[41,20,20]
[49,42,49]
[20,28,42]
[27,42,18]
[49,18,29]
[21,25,46]
[50,30,23]
[29,29,32]
]
[
[0,0,0]
[47,42,31]
[40,30,22]
[46,35,39]
[19,49,40]
[33,46,44]
[18,33,40]
[26,27,21]
[35,19,21]
[26,49,26]
[30,23,30]
[34,47,28]
[25,34,22]
[21,36,49]
[27,46,44]
[36,38,29]
[25,40,37]
[17,48,41]
[31,45,42]
[39,23,27]
[26,28,45]
[44,36,32]
[17,39,19]
[46,31,30]
[24,22,32]
[21,50,27]
[19,22,25]
[46,31,26]
[31,47,48]
[36,40,29]
[27,45,37]
]
];
d = [0,663,844,634,835,841,617,799,830,832,819,818,872,739,813,797,843,845,827,865,866,809,883,839,846,817,804,862,800,869,822];
tP=[0,10,33,12,0,41,96,6,27,45,16,66,30,92,87,78,26,86,9,89,18,2,79,29,49,14,83,24,79,54,62];
eP=[0,9,35,48,42,96,12,27,13,96,2,64,14,10,2,42,88,29,4,75,92,67,13,76,65,0,14,90,47,67,83];
