nMachines = 3;
nJobs = 30;
p = [
[0,0,0]
[138, 140, 58]
[114, 68, 142]
[122, 149, 55]
[123, 87, 99]
[86, 78, 113]
[85, 136, 125]
[59, 128, 130]
[123, 137, 59]
[142, 118, 73]
[100, 100, 71]
[84, 120, 128]
[56, 71, 67]
[138, 144, 88]
[122, 60, 74]
[115, 61, 56]
[97, 114, 115]
[119, 123, 118]
[113, 105, 131]
[114, 132, 63]
[92, 121, 105]
[58, 99, 126]
[105, 110, 141]
[108, 84, 100]
[102, 133, 114]
[140, 128, 85]
[71, 61, 69]
[149, 140, 84]
[77, 127, 53]
[51, 76, 100]
[137, 124, 120]
];
s = [
[
[0,0,0]
[0,0,0]
[0,0,0]
[0,0,0]
[0,0,0]
[0,0,0]
[0,0,0]
[0,0,0]
[0,0,0]
[0,0,0]
[0,0,0]
[0,0,0]
[0,0,0]
[0,0,0]
[0,0,0]
[0,0,0]
[0,0,0]
[0,0,0]
[0,0,0]
[0,0,0]
[0,0,0]
[0,0,0]
[0,0,0]
[0,0,0]
[0,0,0]
[0,0,0]
[0,0,0]
[0,0,0]
[0,0,0]
[0,0,0]
[0,0,0]
]
[
[0,0,0]
[38,36,17]
[44,24,21]
[25,24,19]
[21,49,47]
[26,26,20]
[21,30,43]
[49,17,22]
[42,47,48]
[34,38,24]
[33,36,42]
[30,44,45]
[47,29,26]
[37,29,30]
[31,19,17]
[37,28,39]
[36,18,27]
[37,40,25]
[20,48,37]
[29,22,30]
[33,24,44]
[22,47,17]
[35,45,18]
[26,20,44]
[48,24,22]
[33,25,22]
[31,26,41]
[27,36,30]
[42,47,39]
[41,46,33]
[31,35,34]
]
[
[0,0,0]
[18,34,20]
[41,40,49]
[42,31,21]
[49,27,17]
[45,42,18]
[42,44,47]
[31,44,25]
[39,28,41]
[26,42,47]
[24,23,42]
[47,32,48]
[34,49,38]
[31,24,39]
[27,24,21]
[21,44,31]
[29,23,20]
[43,21,25]
[41,35,24]
[46,35,27]
[39,43,20]
[38,51,22]
[44,32,49]
[42,24,25]
[31,47,42]
[27,34,47]
[37,32,37]
[21,49,48]
[28,29,23]
[44,49,50]
[51,22,27]
]
[
[0,0,0]
[28,40,33]
[38,25,44]
[29,26,48]
[33,24,30]
[47,21,26]
[24,20,19]
[50,50,36]
[41,47,19]
[30,22,51]
[48,33,33]
[48,35,36]
[18,39,48]
[43,29,46]
[34,41,41]
[47,49,43]
[23,37,24]
[30,34,23]
[30,32,46]
[30,21,37]
[51,46,28]
[36,40,34]
[20,20,45]
[35,19,33]
[35,19,47]
[22,41,50]
[22,44,42]
[18,39,35]
[41,35,37]
[42,31,34]
[34,25,50]
]
[
[0,0,0]
[38,46,33]
[21,41,30]
[24,27,32]
[34,22,30]
[41,38,20]
[36,20,32]
[25,20,26]
[45,38,22]
[45,26,36]
[18,25,21]
[40,20,40]
[42,44,37]
[38,29,34]
[49,32,37]
[38,32,25]
[41,23,34]
[47,31,40]
[31,31,35]
[32,26,17]
[18,18,48]
[36,26,39]
[17,42,23]
[49,32,41]
[20,35,37]
[35,50,34]
[28,21,20]
[23,46,49]
[49,18,27]
[28,46,17]
[32,40,17]
]
[
[0,0,0]
[21,20,30]
[23,28,36]
[26,19,28]
[26,27,32]
[47,51,28]
[19,35,28]
[50,20,18]
[32,31,25]
[47,50,50]
[41,19,24]
[23,40,48]
[35,22,35]
[46,18,43]
[43,45,17]
[42,38,30]
[21,27,18]
[24,20,33]
[21,19,34]
[30,32,21]
[21,27,30]
[49,49,49]
[25,38,18]
[45,33,20]
[22,19,42]
[20,33,27]
[35,25,25]
[42,26,30]
[50,38,30]
[26,38,50]
[40,24,38]
]
[
[0,0,0]
[28,27,37]
[35,39,30]
[46,25,18]
[33,36,17]
[22,47,17]
[26,24,46]
[29,33,23]
[30,30,24]
[20,35,28]
[44,34,42]
[37,31,21]
[42,44,34]
[30,26,26]
[43,46,47]
[38,42,34]
[43,46,33]
[28,47,24]
[41,38,46]
[26,42,39]
[51,49,40]
[50,23,39]
[45,24,43]
[47,49,29]
[49,18,25]
[21,19,18]
[42,34,32]
[37,20,34]
[18,43,39]
[30,31,34]
[47,38,40]
]
[
[0,0,0]
[21,22,28]
[17,40,17]
[23,30,21]
[34,32,27]
[39,27,24]
[30,29,25]
[42,44,26]
[35,38,17]
[35,22,28]
[37,38,35]
[40,23,24]
[17,26,38]
[24,31,25]
[48,49,28]
[24,36,48]
[28,26,24]
[47,36,18]
[47,33,29]
[44,43,38]
[39,22,45]
[40,49,37]
[25,18,33]
[40,38,26]
[19,49,31]
[34,25,38]
[36,24,32]
[25,35,25]
[18,27,49]
[30,24,26]
[18,50,49]
]
[
[0,0,0]
[34,40,17]
[20,18,23]
[32,26,25]
[20,19,21]
[31,25,50]
[20,40,25]
[21,31,35]
[44,24,34]
[22,27,28]
[22,30,50]
[45,38,43]
[25,42,29]
[19,17,28]
[21,38,29]
[22,37,19]
[43,51,41]
[31,25,47]
[25,27,19]
[25,36,33]
[32,36,39]
[33,19,35]
[49,39,39]
[41,31,47]
[32,22,48]
[23,48,29]
[21,27,42]
[37,33,25]
[26,28,19]
[27,32,35]
[44,33,38]
]
[
[0,0,0]
[17,27,20]
[42,30,48]
[48,41,38]
[29,19,47]
[19,33,46]
[19,31,43]
[17,33,27]
[18,45,40]
[40,29,22]
[22,19,22]
[49,25,38]
[30,24,47]
[50,30,43]
[20,31,27]
[27,27,42]
[44,24,37]
[19,46,23]
[29,40,37]
[25,26,26]
[41,19,24]
[34,26,32]
[43,23,19]
[44,22,48]
[47,17,32]
[39,43,27]
[44,49,48]
[20,31,17]
[22,49,26]
[46,27,19]
[18,21,33]
]
[
[0,0,0]
[34,41,25]
[49,50,44]
[45,41,25]
[39,42,40]
[33,17,40]
[29,29,18]
[22,25,25]
[35,22,35]
[25,20,28]
[22,50,30]
[39,37,46]
[18,29,39]
[17,22,32]
[25,50,27]
[22,47,48]
[41,38,38]
[43,32,21]
[38,27,44]
[50,29,41]
[18,23,20]
[24,17,21]
[19,36,23]
[45,30,44]
[32,17,41]
[27,38,41]
[43,33,42]
[39,49,29]
[33,28,18]
[42,33,29]
[26,26,25]
]
[
[0,0,0]
[44,17,47]
[20,37,40]
[25,51,25]
[29,33,44]
[43,24,24]
[23,45,42]
[31,48,25]
[29,28,27]
[43,26,43]
[30,48,20]
[33,51,21]
[31,38,49]
[48,39,23]
[22,17,45]
[18,47,25]
[32,22,18]
[29,43,22]
[43,45,41]
[41,17,26]
[41,20,20]
[30,40,29]
[48,36,21]
[25,40,20]
[18,38,40]
[39,45,38]
[39,47,36]
[29,24,29]
[41,21,39]
[39,30,28]
[25,28,28]
]
[
[0,0,0]
[50,50,29]
[26,37,29]
[34,34,23]
[47,45,35]
[31,32,50]
[27,21,38]
[20,44,29]
[32,29,19]
[21,37,45]
[20,31,37]
[38,28,42]
[45,39,32]
[23,26,36]
[37,49,38]
[30,39,18]
[32,43,33]
[45,39,41]
[35,42,50]
[49,31,27]
[28,36,38]
[26,24,45]
[32,22,32]
[49,22,48]
[25,31,20]
[50,27,40]
[19,47,28]
[25,24,31]
[47,38,44]
[43,46,22]
[43,45,29]
]
[
[0,0,0]
[46,23,24]
[23,48,31]
[28,42,43]
[27,37,48]
[18,26,24]
[41,24,49]
[47,39,45]
[39,35,34]
[40,36,50]
[34,35,39]
[23,33,19]
[44,19,44]
[25,22,24]
[39,27,35]
[33,21,30]
[50,22,31]
[23,27,33]
[41,49,49]
[24,20,38]
[26,25,34]
[32,38,36]
[30,21,25]
[37,28,29]
[40,21,50]
[19,38,39]
[24,44,24]
[28,31,37]
[26,25,45]
[29,23,35]
[48,20,38]
]
[
[0,0,0]
[43,25,22]
[31,18,41]
[23,37,26]
[48,28,51]
[31,28,24]
[48,51,24]
[44,49,24]
[26,43,31]
[32,45,42]
[41,28,19]
[27,25,26]
[41,27,22]
[30,48,42]
[35,37,23]
[17,38,20]
[43,28,21]
[36,46,40]
[26,22,26]
[35,44,37]
[22,22,28]
[19,44,33]
[27,20,38]
[44,38,38]
[47,41,24]
[26,38,32]
[48,40,36]
[17,26,23]
[50,28,36]
[32,34,34]
[22,35,19]
]
[
[0,0,0]
[17,31,51]
[45,37,21]
[27,27,23]
[17,26,23]
[22,41,35]
[44,37,28]
[37,25,44]
[30,33,18]
[27,41,17]
[17,45,47]
[41,26,21]
[19,36,34]
[25,38,18]
[28,30,44]
[29,48,17]
[47,33,32]
[50,23,34]
[19,40,48]
[42,17,37]
[50,30,44]
[34,29,44]
[32,32,38]
[33,47,38]
[21,18,23]
[38,30,39]
[40,33,32]
[19,31,27]
[44,42,44]
[20,45,37]
[48,43,47]
]
[
[0,0,0]
[39,34,43]
[17,25,44]
[47,37,31]
[36,29,42]
[34,24,22]
[43,34,22]
[50,32,42]
[33,23,25]
[47,17,44]
[22,48,38]
[21,32,44]
[44,46,41]
[33,22,47]
[43,39,18]
[25,24,23]
[34,21,42]
[25,29,18]
[40,46,44]
[31,38,28]
[33,18,47]
[31,21,23]
[46,19,48]
[32,41,31]
[45,39,27]
[28,18,39]
[21,22,25]
[44,22,44]
[50,26,46]
[42,30,31]
[24,50,19]
]
[
[0,0,0]
[24,51,39]
[22,33,26]
[43,28,42]
[25,46,27]
[32,45,25]
[34,30,29]
[31,33,39]
[47,17,24]
[42,44,32]
[49,50,26]
[17,50,35]
[40,42,36]
[22,38,19]
[18,40,17]
[28,28,47]
[46,33,44]
[36,33,44]
[25,50,27]
[35,29,40]
[22,26,29]
[19,48,22]
[22,28,48]
[34,27,42]
[35,36,20]
[23,50,31]
[36,18,50]
[21,36,50]
[20,42,47]
[26,20,46]
[46,24,22]
]
[
[0,0,0]
[27,23,38]
[17,33,46]
[38,19,34]
[27,34,26]
[46,21,18]
[24,17,34]
[48,18,22]
[33,36,36]
[17,27,39]
[45,31,48]
[22,26,32]
[27,35,49]
[49,44,38]
[33,42,30]
[18,45,19]
[43,44,22]
[28,42,33]
[48,37,37]
[31,19,24]
[17,48,45]
[32,45,33]
[25,40,49]
[24,32,27]
[18,25,37]
[20,27,51]
[44,17,32]
[50,42,26]
[44,22,35]
[48,48,36]
[44,40,21]
]
[
[0,0,0]
[29,27,19]
[24,45,20]
[33,27,26]
[34,43,35]
[49,45,27]
[32,42,25]
[48,27,27]
[21,24,24]
[47,49,49]
[46,50,51]
[30,29,38]
[18,48,41]
[26,41,27]
[26,39,34]
[31,45,33]
[27,44,48]
[48,29,24]
[25,19,39]
[24,38,31]
[23,50,31]
[37,26,36]
[23,24,37]
[27,29,20]
[25,38,42]
[30,35,22]
[43,28,29]
[23,47,50]
[33,26,35]
[19,32,30]
[27,48,28]
]
[
[0,0,0]
[37,27,21]
[47,17,21]
[43,23,34]
[47,26,48]
[26,18,43]
[19,50,51]
[27,44,35]
[34,24,48]
[50,24,49]
[26,42,39]
[41,19,27]
[50,32,26]
[27,35,46]
[44,43,19]
[33,18,31]
[44,49,45]
[46,24,48]
[42,27,26]
[30,19,50]
[38,35,20]
[35,33,49]
[34,44,44]
[28,46,29]
[51,37,50]
[24,30,38]
[35,46,39]
[19,51,45]
[38,23,49]
[48,23,46]
[25,20,48]
]
[
[0,0,0]
[33,18,37]
[42,47,42]
[32,41,31]
[20,43,41]
[36,47,24]
[45,46,47]
[49,50,28]
[42,28,17]
[18,36,20]
[39,45,23]
[32,39,32]
[32,40,24]
[43,19,24]
[47,31,42]
[47,25,50]
[26,24,18]
[49,43,48]
[42,47,32]
[37,33,24]
[19,33,48]
[44,35,42]
[50,39,34]
[29,45,22]
[50,35,34]
[30,22,37]
[42,34,50]
[19,32,32]
[44,50,38]
[42,23,51]
[45,45,43]
]
[
[0,0,0]
[48,36,22]
[24,30,32]
[40,37,44]
[25,18,45]
[48,49,44]
[39,51,18]
[40,51,20]
[50,41,31]
[26,31,47]
[35,46,34]
[25,33,51]
[20,30,27]
[44,20,41]
[44,31,34]
[25,25,26]
[21,48,50]
[37,37,43]
[17,31,44]
[24,27,23]
[51,21,18]
[24,30,28]
[19,50,49]
[37,30,26]
[32,37,47]
[48,35,40]
[34,24,41]
[35,25,42]
[20,35,44]
[43,48,27]
[26,33,26]
]
[
[0,0,0]
[23,20,49]
[21,33,50]
[47,41,23]
[50,19,32]
[20,41,50]
[47,35,34]
[38,22,18]
[46,18,36]
[26,38,41]
[48,49,19]
[44,30,30]
[35,27,20]
[51,34,21]
[21,37,50]
[24,44,36]
[37,23,41]
[47,32,36]
[18,20,17]
[37,25,24]
[32,40,39]
[46,38,34]
[49,46,51]
[22,47,24]
[36,49,43]
[20,18,25]
[46,50,50]
[44,25,32]
[45,24,18]
[19,37,30]
[42,28,49]
]
[
[0,0,0]
[38,43,35]
[32,17,46]
[17,48,50]
[35,32,35]
[31,41,38]
[44,45,26]
[27,39,39]
[46,44,39]
[36,33,36]
[19,22,28]
[49,39,29]
[17,47,17]
[40,36,27]
[37,34,21]
[29,34,29]
[28,35,24]
[43,25,49]
[38,46,49]
[27,20,34]
[21,35,24]
[17,25,42]
[46,21,26]
[39,32,47]
[44,37,29]
[40,34,39]
[41,26,45]
[37,31,46]
[27,38,27]
[23,51,45]
[37,46,25]
]
[
[0,0,0]
[45,43,43]
[28,40,26]
[21,44,35]
[41,45,31]
[32,38,49]
[31,31,32]
[26,42,38]
[22,27,21]
[46,17,20]
[34,48,43]
[44,17,35]
[45,27,27]
[27,22,42]
[47,33,41]
[36,39,27]
[20,40,38]
[19,36,46]
[23,30,49]
[46,18,42]
[36,24,23]
[30,33,21]
[41,26,25]
[49,20,47]
[31,27,50]
[48,25,22]
[40,22,49]
[49,48,25]
[50,42,46]
[29,27,18]
[24,46,35]
]
[
[0,0,0]
[32,28,19]
[48,39,46]
[22,33,43]
[36,38,36]
[45,47,38]
[40,35,19]
[28,51,24]
[43,44,35]
[35,44,44]
[37,36,25]
[24,37,27]
[46,25,37]
[17,47,40]
[22,24,23]
[49,28,30]
[47,21,47]
[38,19,26]
[17,24,46]
[27,37,35]
[39,29,22]
[36,44,30]
[39,27,25]
[44,29,36]
[46,44,25]
[24,24,17]
[37,30,36]
[50,47,31]
[32,46,42]
[35,39,33]
[18,18,18]
]
[
[0,0,0]
[25,31,40]
[37,40,49]
[45,32,46]
[50,40,22]
[32,49,24]
[35,24,22]
[38,37,51]
[28,23,46]
[33,42,37]
[45,32,24]
[28,40,43]
[32,38,50]
[46,31,48]
[27,24,24]
[40,45,49]
[32,39,30]
[33,27,39]
[50,43,37]
[26,37,38]
[23,39,42]
[34,31,20]
[32,40,27]
[40,27,31]
[46,48,17]
[20,43,43]
[36,31,29]
[43,37,31]
[46,28,24]
[22,24,39]
[25,20,33]
]
[
[0,0,0]
[47,23,25]
[19,34,42]
[31,31,23]
[31,40,24]
[39,37,19]
[49,50,33]
[37,27,20]
[33,20,49]
[22,24,17]
[41,30,33]
[23,50,47]
[39,42,35]
[43,26,44]
[30,34,35]
[44,25,33]
[35,35,27]
[29,39,39]
[21,17,22]
[46,34,46]
[47,50,40]
[36,38,39]
[50,45,48]
[45,44,48]
[18,25,41]
[40,25,31]
[43,38,18]
[43,21,32]
[22,42,32]
[18,40,37]
[29,30,37]
]
[
[0,0,0]
[38,22,38]
[49,49,39]
[31,28,40]
[29,26,26]
[27,30,22]
[35,40,35]
[33,45,21]
[24,36,42]
[21,33,34]
[37,43,34]
[39,38,42]
[45,49,34]
[50,48,27]
[34,35,39]
[48,20,42]
[42,26,42]
[27,48,49]
[44,34,38]
[17,32,45]
[50,23,21]
[50,21,43]
[33,38,34]
[25,31,30]
[49,34,41]
[36,44,31]
[29,23,38]
[21,40,21]
[32,46,27]
[38,32,27]
[49,38,21]
]
[
[0,0,0]
[46,34,43]
[25,18,30]
[47,45,48]
[49,25,34]
[35,36,48]
[50,48,51]
[43,28,38]
[30,50,48]
[45,50,23]
[48,35,20]
[17,25,29]
[24,41,37]
[38,47,40]
[34,31,45]
[39,46,30]
[44,48,29]
[24,18,23]
[26,33,18]
[43,33,31]
[26,33,45]
[18,33,45]
[31,35,17]
[35,49,22]
[25,36,43]
[49,40,34]
[19,47,38]
[47,39,38]
[33,42,18]
[23,23,45]
[43,21,24]
]
];
d = [0,880,889,853,867,721,890,882,821,612,882,681,717,871,881,641,795,860,828,814,641,886,841,880,829,859,831,796,757,868,833];
tP=[0,64,12,36,88,92,50,74,98,0,23,23,0,19,50,12,36,99,2,7,68,35,6,50,56,74,80,35,33,87,56];
eP=[0,13,55,20,42,68,45,60,66,87,8,10,87,40,69,97,27,98,61,81,33,23,41,30,88,18,42,44,63,87,45];
