nMachines = 3;
nJobs = 30;
p = [
[0,0,0]
[54, 119, 81]
[82, 99, 114]
[112, 124, 68]
[126, 132, 129]
[78, 62, 62]
[81, 75, 71]
[77, 120, 65]
[85, 137, 101]
[121, 133, 59]
[128, 54, 64]
[91, 72, 121]
[98, 100, 119]
[72, 128, 91]
[80, 86, 145]
[52, 65, 72]
[66, 52, 91]
[70, 107, 96]
[69, 76, 120]
[145, 53, 51]
[114, 128, 119]
[133, 108, 108]
[134, 134, 88]
[147, 147, 115]
[64, 135, 52]
[144, 54, 59]
[133, 124, 140]
[135, 84, 69]
[85, 70, 115]
[144, 101, 71]
[141, 92, 120]
];
s = [
[
[0,0,0]
[0,0,0]
[0,0,0]
[0,0,0]
[0,0,0]
[0,0,0]
[0,0,0]
[0,0,0]
[0,0,0]
[0,0,0]
[0,0,0]
[0,0,0]
[0,0,0]
[0,0,0]
[0,0,0]
[0,0,0]
[0,0,0]
[0,0,0]
[0,0,0]
[0,0,0]
[0,0,0]
[0,0,0]
[0,0,0]
[0,0,0]
[0,0,0]
[0,0,0]
[0,0,0]
[0,0,0]
[0,0,0]
[0,0,0]
[0,0,0]
]
[
[0,0,0]
[21,26,35]
[46,41,33]
[30,20,47]
[34,32,48]
[36,30,26]
[20,48,25]
[20,21,19]
[26,31,38]
[22,20,48]
[16,46,44]
[28,44,26]
[41,19,27]
[37,24,38]
[24,30,47]
[39,34,39]
[44,31,30]
[36,26,42]
[36,35,43]
[39,39,46]
[29,30,28]
[26,40,21]
[29,35,39]
[33,31,19]
[47,34,27]
[35,40,37]
[20,40,22]
[26,29,31]
[42,46,31]
[27,43,16]
[19,17,40]
]
[
[0,0,0]
[48,31,40]
[41,41,28]
[28,43,30]
[36,38,31]
[27,30,43]
[22,18,25]
[37,33,23]
[20,47,38]
[28,22,19]
[32,48,20]
[24,45,35]
[32,24,37]
[26,20,41]
[43,37,22]
[22,36,31]
[46,24,21]
[30,39,44]
[31,30,48]
[41,25,16]
[41,48,26]
[46,30,30]
[33,16,16]
[38,48,38]
[46,45,19]
[47,28,41]
[24,35,37]
[31,33,25]
[21,42,47]
[41,18,42]
[35,47,17]
]
[
[0,0,0]
[17,22,35]
[21,27,45]
[22,39,37]
[23,36,43]
[34,40,37]
[46,34,25]
[23,41,39]
[48,19,34]
[46,24,19]
[36,42,30]
[27,27,42]
[32,47,43]
[47,26,26]
[41,18,23]
[36,41,35]
[41,35,45]
[22,47,23]
[38,17,36]
[47,42,39]
[36,32,36]
[23,48,33]
[38,28,48]
[44,24,17]
[26,29,31]
[16,32,33]
[16,38,44]
[25,41,41]
[22,44,39]
[43,31,48]
[30,22,47]
]
[
[0,0,0]
[32,37,23]
[21,42,47]
[39,28,48]
[44,39,37]
[20,18,30]
[19,42,22]
[41,23,19]
[40,37,26]
[19,26,33]
[23,33,30]
[21,43,31]
[19,19,46]
[21,32,21]
[31,18,44]
[48,29,39]
[38,27,21]
[36,40,42]
[38,48,30]
[41,44,44]
[45,18,39]
[19,30,43]
[23,17,37]
[34,37,28]
[27,37,25]
[19,17,29]
[20,25,20]
[28,23,17]
[42,27,21]
[29,42,41]
[41,38,31]
]
[
[0,0,0]
[38,27,38]
[31,24,27]
[31,37,41]
[22,20,16]
[17,30,16]
[30,25,36]
[48,24,25]
[34,20,17]
[25,42,37]
[29,24,44]
[39,47,46]
[22,37,37]
[27,43,47]
[26,46,24]
[24,36,28]
[26,48,39]
[38,24,33]
[32,21,19]
[43,20,44]
[40,43,21]
[20,38,45]
[26,30,19]
[38,25,33]
[44,25,28]
[45,27,34]
[39,36,24]
[36,29,48]
[31,23,23]
[48,47,31]
[44,47,24]
]
[
[0,0,0]
[24,22,42]
[41,36,20]
[37,25,25]
[35,23,19]
[47,27,26]
[19,43,41]
[40,38,35]
[45,29,31]
[17,47,33]
[25,48,35]
[44,17,39]
[44,42,41]
[42,28,27]
[33,38,38]
[20,46,34]
[19,39,25]
[29,35,48]
[26,25,21]
[48,33,25]
[25,41,29]
[47,22,33]
[48,20,17]
[19,25,29]
[23,18,29]
[32,34,33]
[37,25,31]
[29,17,28]
[28,34,36]
[38,38,38]
[45,17,17]
]
[
[0,0,0]
[25,42,41]
[44,33,27]
[30,43,41]
[20,46,35]
[41,40,22]
[27,23,24]
[23,22,21]
[32,39,29]
[25,17,35]
[44,17,45]
[19,20,17]
[44,20,26]
[48,22,39]
[22,44,16]
[28,27,21]
[18,37,43]
[42,19,26]
[36,39,26]
[22,34,39]
[46,26,27]
[33,44,25]
[42,17,25]
[22,26,40]
[24,43,44]
[31,47,32]
[42,39,43]
[30,28,16]
[28,22,27]
[34,48,27]
[41,44,22]
]
[
[0,0,0]
[39,35,39]
[28,21,36]
[24,47,46]
[23,30,36]
[19,37,23]
[24,19,18]
[46,39,40]
[41,19,44]
[23,35,35]
[42,17,32]
[25,33,39]
[37,34,17]
[29,40,42]
[37,33,23]
[32,22,24]
[24,31,45]
[29,27,20]
[33,27,27]
[16,47,47]
[33,22,34]
[31,24,19]
[40,29,21]
[19,37,46]
[34,22,25]
[35,32,20]
[32,29,45]
[48,40,42]
[16,25,20]
[41,44,36]
[46,42,46]
]
[
[0,0,0]
[18,26,20]
[31,23,35]
[40,33,37]
[41,31,37]
[20,39,23]
[20,47,35]
[23,38,26]
[45,40,28]
[20,20,19]
[17,45,42]
[42,18,42]
[17,42,26]
[42,24,42]
[31,36,22]
[31,37,34]
[40,33,17]
[29,43,45]
[39,46,24]
[41,28,25]
[44,43,19]
[23,33,18]
[43,39,22]
[22,44,17]
[17,32,16]
[23,24,47]
[48,39,38]
[44,47,25]
[20,27,32]
[24,39,32]
[26,31,47]
]
[
[0,0,0]
[44,38,19]
[44,30,29]
[31,48,44]
[40,39,17]
[43,18,43]
[40,16,32]
[20,41,19]
[41,23,36]
[16,32,18]
[46,40,45]
[39,31,28]
[32,27,17]
[16,23,18]
[48,42,20]
[20,25,27]
[19,29,33]
[33,44,21]
[21,27,45]
[48,30,16]
[23,33,18]
[31,48,36]
[37,44,17]
[19,18,27]
[36,36,30]
[32,45,34]
[21,39,34]
[19,20,26]
[47,32,31]
[26,47,39]
[44,20,24]
]
[
[0,0,0]
[19,45,24]
[48,35,28]
[18,46,43]
[30,43,40]
[43,40,38]
[31,26,36]
[46,34,44]
[35,29,34]
[41,38,45]
[45,31,40]
[36,36,47]
[36,32,27]
[41,44,43]
[35,38,16]
[39,34,21]
[33,20,48]
[34,22,19]
[38,20,25]
[41,42,35]
[34,36,17]
[20,28,44]
[44,37,20]
[45,35,36]
[38,39,30]
[21,22,20]
[22,41,22]
[17,32,22]
[30,30,45]
[39,31,19]
[39,28,27]
]
[
[0,0,0]
[19,18,45]
[38,24,27]
[20,17,40]
[32,38,30]
[42,16,46]
[34,34,42]
[39,36,30]
[23,41,36]
[43,21,36]
[43,23,46]
[48,39,22]
[31,25,40]
[19,36,32]
[20,37,29]
[17,18,38]
[33,36,33]
[31,16,17]
[25,21,33]
[38,34,23]
[39,40,22]
[29,48,41]
[41,31,16]
[42,23,21]
[48,26,19]
[35,18,33]
[45,28,47]
[16,25,24]
[31,39,30]
[33,43,18]
[24,31,17]
]
[
[0,0,0]
[26,47,40]
[39,37,20]
[35,28,30]
[48,42,48]
[34,46,21]
[22,43,27]
[46,20,25]
[24,34,27]
[27,34,40]
[32,30,22]
[34,46,22]
[32,38,24]
[47,41,19]
[42,27,30]
[32,17,29]
[19,43,38]
[44,47,37]
[38,46,36]
[32,48,37]
[28,24,23]
[41,39,31]
[28,43,16]
[30,19,24]
[48,34,45]
[18,45,33]
[48,35,44]
[21,35,22]
[37,42,22]
[27,20,19]
[35,41,29]
]
[
[0,0,0]
[33,45,40]
[25,35,29]
[45,47,29]
[19,24,27]
[26,23,40]
[23,45,24]
[21,41,21]
[26,41,38]
[30,38,18]
[29,43,38]
[18,19,24]
[31,36,25]
[43,27,27]
[17,34,41]
[43,42,16]
[35,28,23]
[31,39,43]
[40,44,22]
[30,27,26]
[39,35,38]
[23,41,24]
[36,26,41]
[32,46,35]
[22,47,29]
[16,46,24]
[45,35,47]
[17,23,32]
[38,36,47]
[27,36,44]
[16,31,28]
]
[
[0,0,0]
[34,44,43]
[43,39,38]
[35,29,17]
[23,23,41]
[24,35,41]
[18,37,47]
[39,18,39]
[30,40,19]
[38,17,43]
[17,37,43]
[24,16,31]
[31,35,23]
[20,39,22]
[39,18,41]
[42,16,18]
[27,31,38]
[46,22,33]
[37,22,45]
[41,35,42]
[46,18,34]
[30,37,23]
[34,17,20]
[40,42,37]
[46,19,40]
[43,41,24]
[39,47,23]
[45,48,20]
[26,44,29]
[25,34,38]
[39,38,29]
]
[
[0,0,0]
[35,25,39]
[34,23,28]
[30,19,48]
[36,33,35]
[33,18,21]
[33,32,32]
[18,30,16]
[37,33,36]
[31,37,42]
[28,36,40]
[27,23,26]
[18,24,40]
[30,35,34]
[39,34,33]
[32,16,18]
[26,36,42]
[25,32,27]
[19,25,45]
[48,33,36]
[32,18,43]
[28,25,47]
[36,44,19]
[37,25,37]
[47,44,45]
[39,36,48]
[39,17,35]
[20,36,42]
[36,44,34]
[25,47,40]
[42,25,32]
]
[
[0,0,0]
[26,48,18]
[22,32,40]
[34,48,47]
[20,26,48]
[21,25,26]
[18,27,47]
[47,18,16]
[29,29,39]
[26,27,46]
[45,27,46]
[47,25,25]
[41,28,19]
[36,23,19]
[21,25,16]
[33,21,33]
[36,28,28]
[24,30,43]
[24,29,35]
[43,37,31]
[21,42,36]
[48,41,17]
[28,36,16]
[33,30,39]
[39,37,34]
[19,17,26]
[16,26,35]
[28,40,37]
[16,26,38]
[41,30,39]
[16,37,40]
]
[
[0,0,0]
[39,43,31]
[44,34,45]
[33,26,39]
[44,17,25]
[19,19,44]
[21,44,24]
[36,26,41]
[30,44,16]
[22,41,46]
[27,24,21]
[44,29,30]
[47,25,48]
[16,33,45]
[38,17,36]
[27,39,21]
[22,44,16]
[21,30,20]
[29,36,31]
[44,21,46]
[48,44,23]
[28,47,21]
[35,40,39]
[40,28,16]
[33,31,46]
[27,45,25]
[44,46,35]
[24,36,34]
[19,43,35]
[19,16,26]
[27,48,42]
]
[
[0,0,0]
[37,16,46]
[18,38,44]
[29,44,20]
[17,33,22]
[24,39,40]
[19,22,36]
[29,21,36]
[48,25,28]
[39,35,43]
[19,38,34]
[23,38,33]
[32,32,48]
[29,26,25]
[41,30,27]
[41,18,32]
[23,38,27]
[46,45,45]
[25,35,31]
[16,37,28]
[18,35,39]
[17,17,17]
[22,28,41]
[47,25,25]
[30,46,47]
[25,43,22]
[41,32,19]
[27,28,29]
[39,36,19]
[35,43,33]
[21,43,35]
]
[
[0,0,0]
[39,17,33]
[25,38,43]
[20,22,38]
[40,45,23]
[39,21,27]
[30,44,42]
[16,31,24]
[32,16,32]
[30,17,32]
[34,19,35]
[27,47,18]
[36,26,30]
[20,38,40]
[36,37,45]
[37,44,18]
[41,26,48]
[19,46,19]
[38,35,23]
[18,29,36]
[22,28,23]
[43,42,29]
[29,42,40]
[35,22,38]
[18,17,42]
[45,40,39]
[26,39,35]
[17,32,42]
[19,24,25]
[31,26,46]
[26,36,21]
]
[
[0,0,0]
[28,32,47]
[44,39,24]
[35,16,23]
[44,21,36]
[26,32,31]
[43,44,29]
[46,22,21]
[38,17,45]
[23,42,16]
[34,17,39]
[34,39,30]
[30,22,29]
[20,24,47]
[22,17,21]
[33,32,29]
[18,36,31]
[36,42,26]
[45,28,39]
[43,37,25]
[39,35,36]
[27,34,17]
[21,47,18]
[44,46,42]
[31,31,31]
[38,29,28]
[30,33,48]
[44,48,26]
[38,39,25]
[31,36,16]
[39,35,42]
]
[
[0,0,0]
[25,47,46]
[48,43,43]
[34,16,43]
[30,27,20]
[37,35,39]
[37,33,24]
[27,44,25]
[27,29,19]
[22,42,40]
[38,30,44]
[45,28,42]
[36,48,31]
[33,44,36]
[40,45,20]
[44,45,46]
[22,23,46]
[32,32,38]
[21,47,46]
[28,45,47]
[46,19,41]
[41,21,37]
[38,41,17]
[29,41,25]
[36,30,25]
[35,31,47]
[21,24,21]
[26,21,41]
[31,30,48]
[36,36,31]
[41,40,20]
]
[
[0,0,0]
[17,31,41]
[27,33,17]
[29,38,46]
[16,18,39]
[24,17,34]
[36,28,19]
[37,26,40]
[34,27,24]
[24,45,17]
[18,19,44]
[45,27,36]
[17,41,46]
[46,33,33]
[21,32,46]
[32,20,38]
[42,42,34]
[47,40,33]
[17,44,40]
[36,33,48]
[43,44,46]
[44,22,23]
[46,21,37]
[28,31,34]
[35,26,26]
[26,27,43]
[34,21,43]
[27,23,41]
[20,27,34]
[47,38,26]
[33,42,35]
]
[
[0,0,0]
[37,43,32]
[38,16,21]
[24,18,34]
[38,33,23]
[20,36,28]
[17,34,19]
[19,28,25]
[34,24,33]
[44,16,19]
[35,22,32]
[37,19,31]
[24,32,28]
[17,17,43]
[33,43,40]
[20,21,27]
[22,26,46]
[35,26,38]
[40,29,48]
[17,28,24]
[29,30,44]
[23,24,24]
[26,16,41]
[20,32,27]
[19,40,19]
[21,44,24]
[44,38,42]
[46,28,19]
[44,38,27]
[39,26,34]
[47,42,29]
]
[
[0,0,0]
[34,26,44]
[23,40,22]
[27,28,36]
[32,36,40]
[47,43,38]
[23,41,33]
[33,35,29]
[31,31,16]
[17,21,31]
[31,21,22]
[46,34,19]
[18,30,17]
[20,29,47]
[42,18,37]
[17,40,34]
[42,24,40]
[21,39,45]
[48,41,17]
[30,46,40]
[28,25,30]
[21,25,19]
[31,41,34]
[19,32,20]
[25,40,40]
[35,27,46]
[43,28,38]
[20,27,20]
[43,46,16]
[42,46,40]
[17,25,45]
]
[
[0,0,0]
[42,32,27]
[30,16,17]
[41,18,44]
[39,36,28]
[20,44,16]
[48,22,36]
[19,34,36]
[18,42,31]
[32,48,45]
[19,42,21]
[30,25,38]
[23,29,24]
[45,46,33]
[40,25,22]
[34,20,43]
[35,16,40]
[43,40,48]
[33,44,24]
[48,25,20]
[18,24,42]
[21,20,39]
[28,27,19]
[44,37,39]
[38,30,43]
[20,22,40]
[22,40,37]
[41,47,27]
[44,42,19]
[33,21,23]
[46,29,24]
]
[
[0,0,0]
[26,33,45]
[19,29,32]
[44,38,23]
[28,32,31]
[28,37,30]
[29,17,42]
[18,47,22]
[29,42,45]
[31,42,41]
[27,36,25]
[25,28,36]
[21,30,20]
[24,19,42]
[20,46,26]
[37,27,45]
[41,46,18]
[43,48,44]
[45,33,36]
[47,16,25]
[32,47,22]
[27,27,19]
[28,18,28]
[35,40,19]
[39,30,19]
[40,26,39]
[33,24,45]
[33,20,31]
[44,33,48]
[25,33,32]
[46,19,25]
]
[
[0,0,0]
[39,38,17]
[35,35,42]
[42,44,48]
[45,36,27]
[19,40,18]
[24,16,31]
[46,27,20]
[39,37,32]
[41,28,32]
[28,27,32]
[46,27,28]
[39,35,45]
[19,43,46]
[32,37,45]
[37,25,23]
[23,21,17]
[28,48,40]
[20,23,23]
[37,29,18]
[26,25,24]
[21,34,17]
[27,17,44]
[40,23,22]
[41,40,21]
[31,30,29]
[26,25,32]
[22,37,22]
[37,18,30]
[18,24,21]
[24,36,41]
]
[
[0,0,0]
[39,43,39]
[32,23,26]
[31,39,34]
[23,27,23]
[25,43,24]
[25,36,42]
[16,32,32]
[37,43,19]
[46,35,32]
[21,36,18]
[22,33,22]
[28,41,38]
[36,47,34]
[46,16,44]
[19,19,24]
[47,32,38]
[37,19,32]
[37,47,40]
[36,32,26]
[23,26,34]
[47,21,34]
[43,19,17]
[21,19,38]
[17,41,47]
[26,26,29]
[43,23,45]
[27,33,32]
[17,25,31]
[26,26,33]
[24,40,23]
]
[
[0,0,0]
[37,23,32]
[33,38,19]
[26,46,46]
[41,37,41]
[33,36,36]
[30,19,41]
[20,33,24]
[19,35,22]
[34,17,17]
[26,23,28]
[39,31,22]
[40,43,31]
[19,48,22]
[19,46,45]
[40,29,16]
[18,38,42]
[38,29,28]
[21,43,45]
[25,41,21]
[24,19,33]
[21,21,34]
[38,37,29]
[20,21,44]
[17,47,28]
[36,16,30]
[20,18,17]
[28,21,20]
[36,33,17]
[28,35,29]
[40,22,44]
]
];
d = [0,785,829,666,627,781,781,748,765,832,801,789,598,809,753,771,737,830,777,778,785,786,691,844,674,799,776,796,695,835,824];
tP=[0,67,49,36,93,19,84,15,27,92,61,20,2,60,37,31,18,57,1,62,26,17,54,17,61,97,17,15,38,31,99];
eP=[0,35,70,13,70,7,17,9,82,25,28,59,6,62,41,88,5,60,77,71,82,94,18,2,82,35,20,27,10,90,48];
