3
30
84 141 132 
120 135 100 
113 99 106 
58 108 110 
128 116 94 
116 59 69 
82 71 74 
127 76 133 
56 65 95 
123 136 56 
100 113 84 
85 103 67 
88 103 84 
105 108 64 
141 100 122 
132 148 120 
55 149 123 
111 69 78 
125 107 142 
123 106 80 
125 117 85 
96 142 64 
85 61 112 
93 61 88 
81 134 63 
78 130 115 
67 123 121 
102 109 102 
122 131 66 
81 131 116 
30 37 34 37 32 47 29 47 48 50 24 41 48 47 44 35 28 38 34 29 29 48 26 40 29 23 17 43 19 42 
27 26 32 42 20 38 22 34 22 42 47 40 35 31 17 22 34 38 17 35 24 44 43 17 29 44 50 44 48 38 
28 20 19 48 47 48 26 31 35 37 17 48 18 41 50 49 49 26 29 22 38 32 21 32 31 36 50 36 38 18 
45 37 48 37 45 29 42 48 44 38 35 20 30 43 36 21 44 28 43 34 31 43 46 19 30 49 37 32 34 49 
42 18 25 31 29 17 35 24 23 18 25 26 47 31 25 37 43 46 38 30 45 21 46 29 38 41 40 20 19 40 
19 34 33 45 37 36 33 32 39 20 34 44 49 30 28 21 30 21 18 47 28 44 38 24 24 44 44 46 38 45 
44 17 36 27 24 46 40 41 21 20 40 45 45 17 27 45 46 24 23 20 50 30 17 26 22 34 47 41 36 37 
44 17 49 32 19 21 32 50 27 42 40 24 37 46 36 40 30 35 28 28 34 49 20 27 29 20 21 43 47 40 
31 30 45 49 21 33 26 46 20 31 24 41 31 36 49 24 35 45 34 43 31 35 46 49 30 20 28 40 42 45 
44 33 48 27 47 38 43 21 29 25 38 29 31 25 34 46 39 23 18 47 33 19 36 49 44 34 36 43 45 42 
38 41 18 47 35 25 22 49 49 33 17 43 46 30 37 20 39 36 41 46 29 45 41 42 33 19 43 42 19 21 
48 28 45 19 28 30 35 34 48 21 28 33 42 47 45 38 41 17 16 50 35 34 31 28 45 31 35 49 43 26 
40 23 20 31 33 46 32 30 34 41 36 39 29 43 33 28 44 37 23 45 49 31 19 25 43 20 29 24 46 17 
41 24 29 22 46 36 22 27 24 37 41 41 18 23 43 21 24 17 45 44 44 45 37 50 35 24 42 44 45 30 
26 39 45 39 19 24 36 45 20 49 42 35 23 20 34 46 27 41 26 42 23 25 35 25 26 20 26 38 47 43 
17 29 39 36 28 17 22 17 34 21 22 23 48 37 32 37 24 49 38 17 33 36 30 32 47 24 25 41 48 33 
41 32 30 45 36 49 25 17 46 47 27 36 24 46 22 49 23 21 39 30 41 39 40 22 28 33 20 43 43 37 
39 19 37 38 18 20 23 25 42 38 18 48 28 25 18 24 27 20 35 37 48 17 21 43 41 30 36 28 27 26 
32 43 46 24 50 25 36 45 23 45 34 34 20 44 42 22 48 18 17 30 18 31 31 42 45 30 24 32 49 39 
45 49 39 30 17 26 43 28 29 46 26 27 27 31 31 20 32 31 20 22 22 49 42 19 41 24 24 23 22 49 
40 36 25 40 33 45 45 47 21 23 24 32 44 40 22 20 38 42 30 44 48 17 35 43 29 45 42 28 22 32 
25 28 24 46 47 26 38 46 34 35 27 47 17 37 32 23 23 28 39 48 28 30 42 36 17 21 17 48 19 36 
42 32 45 35 41 26 33 35 40 25 32 37 48 48 41 40 33 45 30 26 31 48 30 32 38 38 32 18 47 46 
40 20 41 40 45 17 43 25 25 21 44 37 21 37 30 22 43 35 49 47 18 49 27 34 32 47 40 20 38 31 
34 48 44 27 39 43 22 46 24 42 46 25 29 26 20 42 34 17 34 29 34 46 42 22 37 30 24 35 30 40 
37 49 45 19 19 37 22 32 23 25 23 31 28 41 18 45 33 37 37 18 48 26 17 30 39 29 23 18 49 46 
23 47 46 36 49 17 48 34 23 39 37 22 38 18 22 33 21 35 33 22 34 32 43 16 43 50 42 25 41 38 
27 17 34 21 37 21 45 34 24 45 17 24 31 26 46 50 44 49 17 17 29 50 20 22 45 37 47 19 39 17 
38 26 27 17 50 19 21 20 34 49 22 27 48 29 29 20 31 27 34 20 18 32 30 45 20 48 26 44 44 34 
33 31 46 40 42 24 38 34 38 47 26 22 32 24 40 46 25 36 25 42 20 27 30 47 32 29 43 49 38 28 
24 19 20 41 33 44 46 50 40 19 22 20 25 33 40 35 49 25 50 36 20 23 25 49 39 40 29 17 28 30 
41 35 18 27 30 47 44 44 50 41 36 34 47 24 27 22 49 27 45 22 34 48 20 26 18 43 17 27 50 32 
27 30 46 28 48 41 22 31 33 34 41 19 46 19 37 29 19 45 43 47 21 24 20 38 38 25 34 48 27 31 
24 47 24 28 37 29 44 19 45 48 22 42 28 29 45 23 31 36 23 32 25 17 28 16 49 25 33 24 40 45 
49 24 29 50 34 23 23 30 38 50 45 26 22 21 23 27 20 30 43 19 49 24 31 36 23 22 49 35 27 31 
44 42 24 46 44 40 45 26 45 47 39 44 44 48 35 21 42 18 34 33 40 47 23 17 50 23 31 18 44 33 
19 45 43 24 44 30 45 37 29 24 48 19 38 43 32 31 25 28 34 24 26 48 23 45 22 18 18 31 43 27 
24 31 21 25 46 48 38 39 41 32 35 20 32 47 32 25 32 26 42 48 32 38 34 37 23 33 50 30 32 43 
20 16 35 35 24 25 36 47 43 40 23 43 20 49 45 39 18 33 35 48 39 33 35 43 40 36 27 36 25 32 
18 38 45 39 33 32 47 35 18 39 48 24 46 18 22 34 19 31 32 25 50 23 46 47 38 50 42 30 25 43 
39 17 29 36 49 50 28 24 20 46 28 17 43 33 27 41 37 17 41 20 21 25 26 41 40 43 31 30 21 33 
23 30 29 44 37 46 37 30 18 33 24 36 23 41 47 25 18 49 50 33 42 33 37 23 19 43 32 47 50 41 
25 43 35 35 49 35 35 24 36 19 49 17 49 48 19 41 42 20 48 24 26 25 19 44 27 34 26 31 24 46 
22 40 22 40 18 34 28 45 24 48 41 24 33 24 48 35 25 29 46 17 44 27 22 34 38 24 37 27 38 41 
41 27 33 24 30 24 44 31 28 34 29 17 38 34 25 24 21 45 26 21 38 21 26 37 31 32 40 42 27 27 
23 29 44 17 26 32 24 30 18 21 46 26 31 46 37 46 29 47 17 19 44 28 43 45 49 39 39 25 31 35 
20 26 32 31 39 33 49 31 50 50 34 23 25 32 39 47 48 28 47 36 29 31 31 26 38 49 40 42 25 38 
33 21 31 39 30 32 46 42 38 37 42 29 45 30 39 22 33 42 28 32 46 28 47 33 47 36 28 32 26 18 
34 38 26 23 42 32 49 42 23 23 46 48 29 39 33 29 22 34 23 29 40 38 18 29 44 38 40 45 30 19 
25 43 22 31 49 31 38 22 39 49 48 20 46 17 31 27 29 28 36 27 46 40 18 47 31 44 37 26 37 28 
29 34 20 42 49 36 25 39 35 28 37 48 28 47 43 38 42 36 36 28 46 43 32 27 42 49 45 27 27 40 
40 25 18 36 35 20 42 33 50 27 38 21 40 38 35 20 24 32 22 32 28 38 42 39 23 37 49 28 33 45 
44 35 38 47 39 45 21 26 36 21 23 16 45 18 45 37 29 25 22 47 23 18 27 22 33 38 24 49 33 45 
27 30 33 36 17 33 32 31 24 27 22 48 29 33 24 22 49 31 40 22 18 34 32 42 17 38 46 40 36 26 
35 31 18 28 19 28 21 40 31 49 48 25 34 19 19 43 35 34 35 36 49 33 17 27 46 18 36 32 40 24 
24 43 24 18 46 43 46 34 47 17 30 17 39 17 17 43 37 38 24 37 24 34 45 31 36 34 33 29 43 24 
24 46 35 20 41 48 26 26 50 20 22 49 25 33 38 26 34 23 17 18 27 25 43 46 29 45 32 36 23 29 
24 28 49 48 46 31 26 20 17 42 21 26 17 40 36 33 40 45 43 25 31 28 46 42 25 21 19 27 36 27 
21 21 47 43 46 49 33 22 49 17 30 42 28 19 35 46 28 31 37 17 24 44 37 21 37 27 31 31 36 47 
34 33 47 21 44 29 35 37 43 37 19 38 48 40 24 38 47 40 49 23 24 28 43 25 36 47 41 33 31 36 
27 42 48 29 28 46 19 17 45 36 34 17 32 38 19 43 26 38 29 26 37 42 23 43 24 17 44 36 49 21 
45 26 32 20 38 45 28 24 21 31 41 21 37 48 30 45 25 43 33 43 46 27 43 49 45 42 30 42 29 29 
18 33 35 48 28 40 29 34 20 44 23 47 25 32 48 37 29 17 25 27 29 45 40 42 50 38 23 43 24 27 
34 20 20 35 34 23 46 19 31 26 35 39 17 35 50 41 34 47 33 44 38 22 45 40 32 18 45 42 33 20 
25 25 30 30 42 41 23 23 23 34 18 49 43 20 46 36 33 49 49 25 45 50 40 18 47 41 26 30 29 17 
39 44 25 41 22 33 18 35 41 42 46 50 27 25 29 50 44 48 23 32 17 46 24 49 30 36 48 35 24 29 
34 43 24 49 28 20 21 19 44 48 40 18 19 30 25 20 20 19 23 25 29 30 33 32 24 33 42 29 48 41 
19 42 48 47 33 23 45 33 32 32 28 31 22 24 49 20 22 48 41 39 26 44 36 35 32 43 25 35 27 34 
27 21 25 38 18 21 41 30 22 48 40 49 21 46 38 41 38 42 20 34 30 40 29 21 23 33 35 46 25 44 
49 26 34 20 18 42 24 42 19 43 18 27 17 37 21 26 39 30 16 21 47 50 40 37 16 29 22 44 42 23 
23 46 19 17 35 27 50 19 35 21 19 49 48 20 29 47 49 46 33 20 20 36 20 45 42 17 29 28 21 42 
21 23 22 23 39 26 45 29 41 38 27 50 18 41 42 43 17 24 33 32 45 36 37 33 28 40 39 28 23 36 
40 18 20 21 39 46 19 33 31 27 43 37 27 37 26 33 41 19 28 49 44 20 27 31 34 49 47 39 22 37 
35 42 20 48 41 19 47 20 40 27 27 38 48 43 49 29 44 33 40 43 44 29 26 47 38 32 23 48 37 40 
34 40 27 24 46 34 34 20 39 31 18 43 19 25 36 46 47 34 20 49 35 42 28 28 45 21 31 26 39 29 
44 31 39 43 29 49 20 28 20 50 23 39 19 34 43 20 31 40 43 27 26 40 43 50 40 38 39 36 21 17 
21 44 47 49 41 17 40 40 36 25 37 45 34 42 41 17 21 32 34 49 27 23 34 38 38 20 29 25 47 22 
19 32 35 22 39 28 35 26 17 23 30 30 45 23 43 20 39 31 43 28 31 45 31 30 34 18 20 20 32 20 
47 45 20 30 48 36 26 39 38 36 26 49 46 35 20 27 21 48 31 32 49 49 40 32 19 42 35 40 33 26 
22 46 36 38 17 17 26 47 26 26 31 29 17 21 34 44 18 37 35 21 40 35 32 44 34 39 40 41 30 27 
20 30 18 24 45 49 40 47 29 19 18 23 34 22 23 33 28 27 39 37 21 21 44 31 38 42 42 26 33 39 
45 28 20 24 18 23 38 30 23 49 28 46 24 43 33 34 17 48 34 26 50 42 38 27 37 35 47 26 19 27 
38 29 23 17 44 20 26 44 45 30 22 44 40 17 38 45 40 23 30 19 20 33 31 45 18 23 32 26 27 28 
33 38 43 48 26 35 20 17 33 17 45 29 33 26 41 29 30 42 35 38 26 19 21 38 44 35 40 34 37 48 
29 20 18 42 47 40 29 38 17 41 32 45 50 24 29 28 42 30 23 48 45 32 32 44 17 30 37 20 31 48 
37 25 24 21 39 47 24 38 41 21 46 26 45 42 31 42 26 47 21 21 44 36 29 35 34 25 48 29 21 29 
50 29 27 20 22 42 36 33 38 46 19 25 26 37 19 29 27 39 35 33 20 47 22 37 49 23 19 16 45 29 
29 23 49 34 41 29 49 41 34 34 23 29 37 35 41 36 44 29 17 35 18 33 21 45 20 48 36 30 28 26 
30 18 41 46 34 35 31 23 18 21 38 37 46 22 49 37 23 22 28 35 46 27 17 19 26 25 18 43 41 41 
42 17 31 44 25 44 42 17 22 30 33 33 30 48 37 34 38 42 20 45 29 27 46 44 24 28 22 31 26 39 
603 613 730 762 639 797 800 843 833 873 824 664 847 830 849 603 859 809 866 810 845 847 859 824 856 812 855 682 654 824 
91 53 32 78 98 42 46 51 39 16 28 28 2 57 27 5 97 74 59 34 73 65 73 2 45 27 3 68 19 47 
62 57 46 30 57 50 43 96 72 88 33 80 3 22 7 25 16 4 7 58 90 5 68 44 18 92 52 15 55 86 
