3
30
64 145 94 
73 55 106 
80 114 147 
64 131 95 
126 106 89 
123 98 117 
53 74 129 
125 142 125 
120 61 118 
96 106 116 
126 122 132 
148 59 115 
122 113 97 
125 58 87 
134 125 86 
102 62 82 
77 105 82 
79 59 53 
127 123 67 
148 130 149 
72 130 79 
74 81 116 
141 139 100 
126 110 149 
133 130 128 
54 100 69 
58 89 74 
60 88 80 
71 116 147 
107 126 59 
37 25 30 23 45 36 40 44 22 33 28 29 36 49 37 46 50 31 38 20 30 41 50 51 33 33 18 38 26 26 
26 27 44 18 48 19 40 37 36 37 48 40 41 45 21 42 47 25 33 32 49 20 29 41 36 23 42 21 30 31 
33 22 33 48 34 42 44 22 20 18 37 47 47 17 21 36 40 38 40 47 26 30 17 45 33 38 43 41 46 48 
32 18 31 45 29 39 23 45 41 22 34 41 38 36 27 19 36 32 49 32 43 36 39 43 41 43 26 35 50 26 
32 37 21 50 34 48 42 36 40 29 34 17 41 31 21 24 41 23 44 36 36 37 29 32 42 37 17 34 44 39 
46 17 40 43 30 32 19 45 48 37 45 24 42 42 46 33 39 49 29 26 42 27 44 41 24 32 34 41 20 50 
18 23 41 24 22 40 24 46 37 44 45 33 19 23 35 29 30 19 30 47 40 17 49 42 35 28 26 40 18 21 
42 23 38 33 31 17 27 42 43 18 28 33 47 45 29 51 35 29 38 50 25 25 50 21 39 23 29 19 32 23 
25 45 17 23 46 28 30 36 31 42 17 27 19 32 39 40 34 36 25 21 24 40 49 30 37 23 39 20 17 44 
33 17 38 38 25 20 48 39 19 26 39 17 27 19 22 28 23 49 33 43 34 41 17 35 35 35 20 33 46 24 
19 29 26 33 30 34 17 42 33 29 25 34 37 17 30 30 49 47 21 30 25 18 30 50 27 25 17 19 43 20 
41 44 47 26 33 38 43 18 44 21 24 31 22 27 40 20 40 23 20 30 42 44 40 39 19 46 18 39 28 47 
32 31 22 29 45 44 19 17 34 19 30 31 50 28 25 31 32 35 40 26 39 32 27 28 43 19 27 47 34 44 
37 27 35 39 41 31 34 28 35 42 48 40 19 23 18 39 46 44 22 44 41 48 46 45 43 18 17 30 42 48 
25 18 30 42 24 47 43 41 40 44 17 41 42 33 32 40 31 48 28 19 45 20 49 38 39 39 36 18 26 25 
17 27 19 36 39 22 18 23 26 33 19 40 43 22 36 17 23 38 44 42 28 26 24 21 34 18 19 48 45 29 
35 17 30 22 32 26 32 29 38 47 33 18 33 48 21 27 33 31 33 21 30 25 31 21 29 22 20 22 19 19 
41 33 29 49 31 43 23 38 26 41 42 31 22 43 29 23 25 35 42 36 17 42 26 35 47 24 20 23 38 48 
42 18 18 49 22 50 26 37 24 49 32 22 37 21 45 19 31 39 37 36 20 20 21 49 44 44 42 38 18 38 
21 46 30 29 24 27 47 29 36 23 43 48 44 29 26 29 31 45 33 37 26 49 44 49 23 49 30 24 21 41 
40 17 22 19 25 36 26 19 22 47 29 32 40 31 38 23 35 18 22 49 45 35 45 46 35 21 29 28 33 32 
46 25 47 49 20 34 20 51 28 27 27 27 35 26 19 26 49 30 47 23 37 26 31 35 29 21 17 38 29 31 
43 24 23 40 29 36 17 32 37 38 22 22 49 37 26 28 20 44 45 35 43 43 50 38 42 46 37 32 19 37 
42 41 43 23 47 43 40 47 33 20 27 28 22 43 37 24 46 17 26 19 21 25 24 20 45 25 40 36 36 49 
21 47 26 30 32 20 40 30 31 40 50 45 31 25 30 33 39 48 40 45 36 45 32 39 32 48 47 28 40 41 
25 49 42 43 36 31 27 22 39 37 35 32 24 21 32 32 17 18 41 20 36 49 25 28 28 18 17 28 18 46 
21 42 37 48 27 44 17 36 34 35 22 47 49 44 48 28 31 50 46 31 46 37 26 47 38 43 41 46 51 35 
47 45 20 46 45 43 25 21 50 49 35 33 44 49 37 45 46 21 50 50 29 39 32 26 27 40 23 37 37 46 
37 18 20 34 28 48 48 30 31 49 20 35 44 22 48 26 29 18 49 42 20 20 41 49 20 27 49 21 50 29 
47 40 46 19 33 18 26 35 26 30 34 25 21 27 36 25 17 31 39 26 44 17 46 24 21 19 46 31 36 27 
23 41 46 27 41 21 48 29 36 27 47 21 17 37 40 23 32 31 35 24 50 18 32 48 32 27 37 17 41 32 
20 29 19 39 27 26 23 20 45 25 42 33 33 49 26 38 32 36 37 27 21 29 47 18 28 31 33 42 42 44 
23 29 45 39 50 49 30 42 18 23 41 41 22 39 18 40 44 28 38 18 40 37 41 26 49 46 33 25 35 39 
46 44 29 20 36 49 44 50 36 47 31 33 50 37 21 46 36 33 47 43 36 24 42 28 26 24 30 24 49 27 
18 38 30 50 23 21 41 49 36 40 42 44 49 33 18 32 30 48 20 41 29 21 41 46 31 39 35 32 37 48 
40 17 24 37 35 33 43 47 50 23 25 44 42 23 50 20 44 35 42 17 49 30 44 47 42 32 36 36 20 18 
17 41 28 22 30 20 21 39 22 42 19 49 47 32 17 43 21 42 19 28 17 31 25 35 42 26 47 43 46 22 
41 32 27 46 36 44 41 40 41 23 27 50 43 41 19 42 34 39 50 44 33 19 24 36 37 50 29 49 44 43 
45 45 46 44 43 23 37 34 39 37 17 29 25 23 24 35 31 46 48 17 23 23 39 36 49 33 24 30 24 20 
25 47 24 21 38 20 17 32 41 47 29 39 34 44 39 46 32 50 34 27 24 20 42 27 30 30 21 22 19 37 
31 35 31 27 23 30 38 46 42 44 33 26 44 36 28 27 29 24 21 19 48 29 20 29 31 25 33 21 47 35 
31 49 47 21 26 40 29 18 35 46 18 36 43 42 27 25 28 20 35 28 39 37 42 46 24 49 38 20 29 20 
42 32 40 25 50 41 25 21 38 46 30 28 37 27 30 25 30 35 38 17 41 31 31 41 18 26 20 32 29 40 
28 21 19 51 25 38 27 44 19 27 33 40 40 22 36 17 41 26 48 21 18 28 28 32 30 42 43 40 46 43 
34 31 45 41 39 18 45 48 45 50 18 45 31 22 25 34 25 44 41 31 24 43 18 34 33 17 42 19 48 39 
38 27 32 31 21 27 45 19 18 20 23 30 28 17 42 51 37 41 30 33 19 32 42 43 49 33 41 27 21 36 
47 39 42 34 38 17 18 50 30 25 49 18 26 25 44 42 35 27 36 26 34 43 44 32 47 32 26 46 31 40 
42 24 17 25 41 35 43 28 21 28 26 41 27 37 19 18 41 39 47 21 17 22 37 31 47 31 50 30 26 43 
25 18 18 40 33 26 45 21 18 23 19 31 19 23 41 45 40 36 18 35 30 31 19 33 46 46 26 50 38 29 
48 36 41 42 27 35 34 27 43 47 38 27 21 27 17 38 17 32 46 34 45 18 49 23 25 24 21 49 19 25 
24 47 50 20 25 41 50 32 37 35 38 42 31 39 21 36 21 35 26 41 27 22 45 34 37 40 22 30 50 49 
18 23 43 48 32 49 29 42 41 43 24 36 48 37 24 21 33 23 40 18 35 28 40 26 32 26 47 26 24 26 
36 45 30 17 17 40 22 26 23 22 48 30 39 46 27 26 42 31 38 36 46 36 28 43 40 29 48 50 31 19 
46 19 31 45 38 17 36 17 36 34 18 37 41 38 19 20 50 44 28 26 32 18 41 39 50 43 29 22 41 26 
28 26 40 39 39 25 45 32 38 38 17 38 34 18 45 41 17 17 47 41 42 41 30 29 26 49 30 20 37 29 
20 42 36 30 21 43 27 29 22 43 40 50 20 32 38 28 47 22 46 27 40 49 50 48 24 37 50 36 22 35 
22 34 24 20 17 48 27 23 18 45 34 24 38 17 24 27 26 37 50 38 43 49 30 36 43 47 42 26 32 39 
42 24 34 27 20 34 47 23 50 31 50 23 37 30 17 33 33 49 49 21 34 18 45 40 48 23 50 45 19 39 
29 22 51 17 31 50 24 29 39 33 49 32 47 34 18 28 36 27 46 39 42 36 20 42 28 42 18 25 30 29 
42 30 35 49 46 33 27 19 49 23 47 34 36 46 38 40 48 45 23 28 36 39 31 22 50 22 31 47 40 45 
41 27 37 29 34 18 31 40 24 30 41 41 36 47 39 24 38 31 34 39 40 23 41 41 20 26 32 34 50 36 
27 34 50 32 26 45 20 24 26 36 47 24 50 31 34 18 32 33 49 50 24 37 29 35 21 20 40 31 43 48 
44 35 34 39 44 47 43 42 31 46 43 31 17 42 41 21 23 32 50 49 30 44 44 23 32 32 32 36 18 25 
20 38 42 34 21 44 32 27 26 28 50 49 50 41 49 47 19 48 39 45 39 30 45 41 46 19 46 21 39 17 
23 45 43 39 38 23 29 31 38 38 24 18 22 29 40 18 29 19 27 30 45 48 17 22 49 50 38 33 27 45 
38 43 37 30 48 32 47 33 21 43 47 47 43 35 46 35 34 27 34 40 46 49 17 26 46 17 18 17 43 48 
39 19 47 45 17 50 24 18 41 20 49 24 20 36 26 22 33 22 34 34 32 28 46 35 32 28 37 42 24 20 
44 23 28 17 49 41 33 41 48 28 36 23 40 36 24 43 23 32 17 27 49 22 39 40 42 36 36 49 39 30 
42 30 30 35 25 22 38 19 31 18 21 35 37 29 46 46 26 17 22 19 33 40 27 35 46 29 21 20 19 45 
33 32 45 25 25 26 45 30 34 20 20 28 27 20 38 49 19 27 43 20 30 45 43 27 29 48 21 23 21 24 
30 37 34 37 28 39 49 29 25 50 20 39 32 42 22 40 25 36 39 29 18 25 23 22 26 21 17 50 23 40 
34 41 35 42 33 28 17 23 26 35 18 22 42 26 49 28 37 33 20 42 40 31 21 33 47 37 29 26 42 37 
18 41 36 17 20 20 19 24 49 45 37 31 48 41 20 34 42 26 17 41 40 49 20 25 42 31 46 42 38 26 
41 17 41 35 17 30 28 29 37 19 19 30 40 19 43 18 41 40 29 39 47 32 49 48 24 21 36 49 50 26 
36 37 22 46 33 49 17 25 42 21 24 38 24 50 37 38 18 23 17 42 19 22 33 40 40 19 27 17 44 36 
19 29 38 34 39 45 19 43 40 50 48 46 23 30 20 45 49 33 21 30 27 27 23 22 48 37 41 27 40 46 
46 42 47 26 24 20 19 31 25 36 43 40 28 28 30 36 45 25 30 24 29 39 23 23 17 21 34 21 33 47 
44 35 33 33 23 24 28 38 33 47 43 38 34 34 40 26 23 35 37 50 28 31 50 46 24 49 32 24 26 41 
20 48 41 36 47 28 50 33 17 17 30 36 29 22 44 17 32 20 34 29 29 39 46 23 31 42 45 44 38 20 
37 29 26 37 44 33 32 34 27 39 31 42 28 29 19 42 40 42 32 26 21 37 24 39 19 19 47 34 28 43 
48 50 34 49 43 19 39 23 27 26 47 33 18 46 36 33 47 21 47 27 17 33 27 32 40 19 32 37 20 30 
31 18 21 18 42 44 17 33 28 41 33 38 29 33 48 28 20 33 34 20 45 31 20 26 33 50 29 50 36 29 
33 38 41 38 47 50 30 32 47 20 41 19 21 22 37 23 36 33 48 36 34 40 41 29 47 19 32 43 45 18 
24 21 27 40 40 26 33 47 39 37 49 49 27 38 19 25 25 30 41 48 34 19 36 43 17 40 30 20 38 42 
44 24 33 34 28 38 43 34 41 26 48 36 43 30 21 29 34 32 41 49 38 39 38 20 22 39 19 20 36 50 
38 23 35 44 24 30 37 46 44 22 22 33 49 43 32 28 46 39 21 21 19 30 29 24 25 43 27 18 17 38 
32 20 21 20 32 42 47 29 34 17 35 47 36 23 36 32 38 25 28 28 27 30 36 24 39 29 49 28 41 29 
49 19 43 42 44 43 50 21 30 30 50 21 38 21 39 29 26 45 34 45 26 39 38 26 22 23 38 46 24 40 
19 21 29 36 34 49 45 39 46 48 33 46 24 22 40 24 17 26 31 27 23 41 20 49 42 18 29 46 23 32 
31 22 39 40 44 40 21 21 26 30 28 22 49 44 29 37 41 42 27 45 32 19 30 32 27 25 26 48 29 37 
663 844 634 835 841 617 799 830 832 819 818 872 739 813 797 843 845 827 865 866 809 883 839 846 817 804 862 800 869 822 
10 33 12 0 41 96 6 27 45 16 66 30 92 87 78 26 86 9 89 18 2 79 29 49 14 83 24 79 54 62 
9 35 48 42 96 12 27 13 96 2 64 14 10 2 42 88 29 4 75 92 67 13 76 65 0 14 90 47 67 83 
