3
30
54 119 81 
82 99 114 
112 124 68 
126 132 129 
78 62 62 
81 75 71 
77 120 65 
85 137 101 
121 133 59 
128 54 64 
91 72 121 
98 100 119 
72 128 91 
80 86 145 
52 65 72 
66 52 91 
70 107 96 
69 76 120 
145 53 51 
114 128 119 
133 108 108 
134 134 88 
147 147 115 
64 135 52 
144 54 59 
133 124 140 
135 84 69 
85 70 115 
144 101 71 
141 92 120 
21 46 30 34 36 20 20 26 22 16 28 41 37 24 39 44 36 36 39 29 26 29 33 47 35 20 26 42 27 19 
48 41 28 36 27 22 37 20 28 32 24 32 26 43 22 46 30 31 41 41 46 33 38 46 47 24 31 21 41 35 
17 21 22 23 34 46 23 48 46 36 27 32 47 41 36 41 22 38 47 36 23 38 44 26 16 16 25 22 43 30 
32 21 39 44 20 19 41 40 19 23 21 19 21 31 48 38 36 38 41 45 19 23 34 27 19 20 28 42 29 41 
38 31 31 22 17 30 48 34 25 29 39 22 27 26 24 26 38 32 43 40 20 26 38 44 45 39 36 31 48 44 
24 41 37 35 47 19 40 45 17 25 44 44 42 33 20 19 29 26 48 25 47 48 19 23 32 37 29 28 38 45 
25 44 30 20 41 27 23 32 25 44 19 44 48 22 28 18 42 36 22 46 33 42 22 24 31 42 30 28 34 41 
39 28 24 23 19 24 46 41 23 42 25 37 29 37 32 24 29 33 16 33 31 40 19 34 35 32 48 16 41 46 
18 31 40 41 20 20 23 45 20 17 42 17 42 31 31 40 29 39 41 44 23 43 22 17 23 48 44 20 24 26 
44 44 31 40 43 40 20 41 16 46 39 32 16 48 20 19 33 21 48 23 31 37 19 36 32 21 19 47 26 44 
19 48 18 30 43 31 46 35 41 45 36 36 41 35 39 33 34 38 41 34 20 44 45 38 21 22 17 30 39 39 
19 38 20 32 42 34 39 23 43 43 48 31 19 20 17 33 31 25 38 39 29 41 42 48 35 45 16 31 33 24 
26 39 35 48 34 22 46 24 27 32 34 32 47 42 32 19 44 38 32 28 41 28 30 48 18 48 21 37 27 35 
33 25 45 19 26 23 21 26 30 29 18 31 43 17 43 35 31 40 30 39 23 36 32 22 16 45 17 38 27 16 
34 43 35 23 24 18 39 30 38 17 24 31 20 39 42 27 46 37 41 46 30 34 40 46 43 39 45 26 25 39 
35 34 30 36 33 33 18 37 31 28 27 18 30 39 32 26 25 19 48 32 28 36 37 47 39 39 20 36 25 42 
26 22 34 20 21 18 47 29 26 45 47 41 36 21 33 36 24 24 43 21 48 28 33 39 19 16 28 16 41 16 
39 44 33 44 19 21 36 30 22 27 44 47 16 38 27 22 21 29 44 48 28 35 40 33 27 44 24 19 19 27 
37 18 29 17 24 19 29 48 39 19 23 32 29 41 41 23 46 25 16 18 17 22 47 30 25 41 27 39 35 21 
39 25 20 40 39 30 16 32 30 34 27 36 20 36 37 41 19 38 18 22 43 29 35 18 45 26 17 19 31 26 
28 44 35 44 26 43 46 38 23 34 34 30 20 22 33 18 36 45 43 39 27 21 44 31 38 30 44 38 31 39 
25 48 34 30 37 37 27 27 22 38 45 36 33 40 44 22 32 21 28 46 41 38 29 36 35 21 26 31 36 41 
17 27 29 16 24 36 37 34 24 18 45 17 46 21 32 42 47 17 36 43 44 46 28 35 26 34 27 20 47 33 
37 38 24 38 20 17 19 34 44 35 37 24 17 33 20 22 35 40 17 29 23 26 20 19 21 44 46 44 39 47 
34 23 27 32 47 23 33 31 17 31 46 18 20 42 17 42 21 48 30 28 21 31 19 25 35 43 20 43 42 17 
42 30 41 39 20 48 19 18 32 19 30 23 45 40 34 35 43 33 48 18 21 28 44 38 20 22 41 44 33 46 
26 19 44 28 28 29 18 29 31 27 25 21 24 20 37 41 43 45 47 32 27 28 35 39 40 33 33 44 25 46 
39 35 42 45 19 24 46 39 41 28 46 39 19 32 37 23 28 20 37 26 21 27 40 41 31 26 22 37 18 24 
39 32 31 23 25 25 16 37 46 21 22 28 36 46 19 47 37 37 36 23 47 43 21 17 26 43 27 17 26 24 
37 33 26 41 33 30 20 19 34 26 39 40 19 19 40 18 38 21 25 24 21 38 20 17 36 20 28 36 28 40 
26 41 20 32 30 48 21 31 20 46 44 19 24 30 34 31 26 35 39 30 40 35 31 34 40 40 29 46 43 17 
31 41 43 38 30 18 33 47 22 48 45 24 20 37 36 24 39 30 25 48 30 16 48 45 28 35 33 42 18 47 
22 27 39 36 40 34 41 19 24 42 27 47 26 18 41 35 47 17 42 32 48 28 24 29 32 38 41 44 31 22 
37 42 28 39 18 42 23 37 26 33 43 19 32 18 29 27 40 48 44 18 30 17 37 37 17 25 23 27 42 38 
27 24 37 20 30 25 24 20 42 24 47 37 43 46 36 48 24 21 20 43 38 30 25 25 27 36 29 23 47 47 
22 36 25 23 27 43 38 29 47 48 17 42 28 38 46 39 35 25 33 41 22 20 25 18 34 25 17 34 38 17 
42 33 43 46 40 23 22 39 17 17 20 20 22 44 27 37 19 39 34 26 44 17 26 43 47 39 28 22 48 44 
35 21 47 30 37 19 39 19 35 17 33 34 40 33 22 31 27 27 47 22 24 29 37 22 32 29 40 25 44 42 
26 23 33 31 39 47 38 40 20 45 18 42 24 36 37 33 43 46 28 43 33 39 44 32 24 39 47 27 39 31 
38 30 48 39 18 16 41 23 32 40 31 27 23 42 25 29 44 27 30 33 48 44 18 36 45 39 20 32 47 20 
45 35 46 43 40 26 34 29 38 31 36 32 44 38 34 20 22 20 42 36 28 37 35 39 22 41 32 30 31 28 
18 24 17 38 16 34 36 41 21 23 39 25 36 37 18 36 16 21 34 40 48 31 23 26 18 28 25 39 43 31 
47 37 28 42 46 43 20 34 34 30 46 38 41 27 17 43 47 46 48 24 39 43 19 34 45 35 35 42 20 41 
45 35 47 24 23 45 41 41 38 43 19 36 27 34 42 28 39 44 27 35 41 26 46 47 46 35 23 36 36 31 
44 39 29 23 35 37 18 40 17 37 16 35 39 18 16 31 22 22 35 18 37 17 42 19 41 47 48 44 34 38 
25 23 19 33 18 32 30 33 37 36 23 24 35 34 16 36 32 25 33 18 25 44 25 44 36 17 36 44 47 25 
48 32 48 26 25 27 18 29 27 27 25 28 23 25 21 28 30 29 37 42 41 36 30 37 17 26 40 26 30 37 
43 34 26 17 19 44 26 44 41 24 29 25 33 17 39 44 30 36 21 44 47 40 28 31 45 46 36 43 16 48 
16 38 44 33 39 22 21 25 35 38 38 32 26 30 18 38 45 35 37 35 17 28 25 46 43 32 28 36 43 43 
17 38 22 45 21 44 31 16 17 19 47 26 38 37 44 26 46 35 29 28 42 42 22 17 40 39 32 24 26 36 
32 39 16 21 32 44 22 17 42 17 39 22 24 17 32 36 42 28 37 35 34 47 46 31 29 33 48 39 36 35 
47 43 16 27 35 33 44 29 42 30 28 48 44 45 45 23 32 47 45 19 21 41 41 30 31 24 21 30 36 40 
31 33 38 18 17 28 26 27 45 19 27 41 33 32 20 42 40 44 33 44 22 21 31 26 27 21 23 27 38 42 
43 16 18 33 36 34 28 24 16 22 19 32 17 43 21 26 26 29 28 30 24 16 32 40 44 38 28 38 26 42 
26 40 28 36 43 41 35 31 21 21 34 30 29 18 40 24 39 41 46 25 25 41 32 40 27 28 27 46 46 25 
32 16 18 36 44 22 34 42 48 42 25 29 46 25 20 16 40 44 25 24 20 27 37 30 22 40 47 42 21 29 
33 29 38 32 37 17 47 42 42 36 28 30 19 46 27 46 48 33 16 47 27 18 40 30 26 24 20 33 33 19 
38 35 44 36 40 16 27 37 28 27 27 35 43 37 25 21 48 23 29 25 34 17 23 40 30 25 37 18 24 36 
43 23 39 27 43 36 32 43 35 36 33 41 47 16 19 32 19 47 32 26 21 19 19 41 26 23 33 25 26 40 
23 38 46 37 36 19 33 35 17 23 31 43 48 46 29 38 29 43 41 19 21 37 21 47 16 18 21 33 35 22 
35 33 47 48 26 25 19 38 48 44 26 27 38 47 39 30 42 43 46 28 21 39 19 27 37 22 31 31 16 40 
40 28 30 31 43 25 23 38 19 20 35 37 41 22 31 21 44 48 16 26 30 16 38 19 41 37 25 47 42 17 
35 45 37 43 37 25 39 34 19 30 42 43 26 23 35 45 23 36 39 36 33 48 17 31 33 44 41 39 48 47 
23 47 48 37 30 22 19 26 33 30 31 46 21 44 39 21 42 30 44 39 43 37 28 25 29 20 17 21 41 31 
38 27 41 16 16 36 25 17 37 44 46 37 47 24 28 39 33 19 44 21 45 19 33 28 34 24 48 23 31 24 
42 20 25 19 26 41 35 31 33 35 39 41 27 38 34 25 48 21 25 29 33 17 29 29 33 31 28 36 38 17 
41 27 41 35 22 24 21 29 35 45 17 26 39 16 21 43 26 26 39 27 25 25 40 44 32 43 16 27 27 22 
39 36 46 36 23 18 40 44 35 32 39 17 42 23 24 45 20 27 47 34 19 21 46 25 20 45 42 20 36 46 
20 35 37 37 23 35 26 28 19 42 42 26 42 22 34 17 45 24 25 19 18 22 17 16 47 38 25 32 32 47 
19 29 44 17 43 32 19 36 18 45 28 17 18 20 27 33 21 45 16 18 36 17 27 30 34 34 26 31 39 24 
24 28 43 40 38 36 44 34 45 40 47 27 43 16 21 48 19 25 35 17 44 20 36 30 20 22 22 45 19 27 
45 27 40 30 46 42 30 36 36 46 22 40 32 29 38 33 17 33 23 22 41 16 21 19 33 47 24 30 18 17 
40 20 30 48 21 27 25 27 40 22 22 24 19 30 29 38 37 36 37 23 31 16 24 45 33 44 22 22 19 29 
40 29 29 27 40 24 21 38 18 38 24 25 27 41 16 23 43 22 26 38 24 41 35 29 24 47 32 47 44 28 
43 38 17 41 41 47 39 19 43 43 31 23 22 41 18 38 33 45 42 34 23 20 37 40 24 23 20 29 38 29 
39 28 48 35 21 32 16 36 42 40 26 40 34 33 18 42 27 45 36 43 47 19 37 45 48 35 42 34 40 32 
18 40 47 48 26 47 16 39 46 46 25 19 19 16 33 28 43 35 31 36 17 16 39 34 26 35 37 38 39 40 
31 45 39 25 44 24 41 16 46 21 30 48 45 36 21 16 20 31 46 23 21 39 16 46 25 35 34 35 26 42 
46 44 20 22 40 36 36 28 43 34 33 48 25 27 32 27 45 31 28 39 17 41 25 47 22 19 29 19 33 35 
33 43 38 23 27 42 24 32 32 35 18 30 40 45 18 48 19 23 36 23 29 40 38 42 39 35 42 25 46 21 
47 24 23 36 31 29 21 45 16 39 30 29 47 21 29 31 26 39 25 36 17 18 42 31 28 48 26 25 16 42 
46 43 43 20 39 24 25 19 40 44 42 31 36 20 46 46 38 46 47 41 37 17 25 25 47 21 41 48 31 20 
41 17 46 39 34 19 40 24 17 44 36 46 33 46 38 34 33 40 48 46 23 37 34 26 43 43 41 34 26 35 
32 21 34 23 28 19 25 33 19 32 31 28 43 40 27 46 38 48 24 44 24 41 27 19 24 42 19 27 34 29 
44 22 36 40 38 33 29 16 31 22 19 17 47 37 34 40 45 17 40 30 19 34 20 40 46 38 20 16 40 45 
27 17 44 28 16 36 36 31 45 21 38 24 33 22 43 40 48 24 20 42 39 19 39 43 40 37 27 19 23 24 
45 32 23 31 30 42 22 45 41 25 36 20 42 26 45 18 44 36 25 22 19 28 19 19 39 45 31 48 32 25 
17 42 48 27 18 31 20 32 32 32 28 45 46 45 23 17 40 23 18 24 17 44 22 21 29 32 22 30 21 41 
39 26 34 23 24 42 32 19 32 18 22 38 34 44 24 38 32 40 26 34 34 17 38 47 29 45 32 31 33 23 
32 19 46 41 36 41 24 22 17 28 22 31 22 45 16 42 28 45 21 33 34 29 44 28 30 17 20 17 29 44 
785 829 666 627 781 781 748 765 832 801 789 598 809 753 771 737 830 777 778 785 786 691 844 674 799 776 796 695 835 824 
67 49 36 93 19 84 15 27 92 61 20 2 60 37 31 18 57 1 62 26 17 54 17 61 97 17 15 38 31 99 
35 70 13 70 7 17 9 82 25 28 59 6 62 41 88 5 60 77 71 82 94 18 2 82 35 20 27 10 90 48 
