3
30
138 140 58 
114 68 142 
122 149 55 
123 87 99 
86 78 113 
85 136 125 
59 128 130 
123 137 59 
142 118 73 
100 100 71 
84 120 128 
56 71 67 
138 144 88 
122 60 74 
115 61 56 
97 114 115 
119 123 118 
113 105 131 
114 132 63 
92 121 105 
58 99 126 
105 110 141 
108 84 100 
102 133 114 
140 128 85 
71 61 69 
149 140 84 
77 127 53 
51 76 100 
137 124 120 
38 44 25 21 26 21 49 42 34 33 30 47 37 31 37 36 37 20 29 33 22 35 26 48 33 31 27 42 41 31 
18 41 42 49 45 42 31 39 26 24 47 34 31 27 21 29 43 41 46 39 38 44 42 31 27 37 21 28 44 51 
28 38 29 33 47 24 50 41 30 48 48 18 43 34 47 23 30 30 30 51 36 20 35 35 22 22 18 41 42 34 
38 21 24 34 41 36 25 45 45 18 40 42 38 49 38 41 47 31 32 18 36 17 49 20 35 28 23 49 28 32 
21 23 26 26 47 19 50 32 47 41 23 35 46 43 42 21 24 21 30 21 49 25 45 22 20 35 42 50 26 40 
28 35 46 33 22 26 29 30 20 44 37 42 30 43 38 43 28 41 26 51 50 45 47 49 21 42 37 18 30 47 
21 17 23 34 39 30 42 35 35 37 40 17 24 48 24 28 47 47 44 39 40 25 40 19 34 36 25 18 30 18 
34 20 32 20 31 20 21 44 22 22 45 25 19 21 22 43 31 25 25 32 33 49 41 32 23 21 37 26 27 44 
17 42 48 29 19 19 17 18 40 22 49 30 50 20 27 44 19 29 25 41 34 43 44 47 39 44 20 22 46 18 
34 49 45 39 33 29 22 35 25 22 39 18 17 25 22 41 43 38 50 18 24 19 45 32 27 43 39 33 42 26 
44 20 25 29 43 23 31 29 43 30 33 31 48 22 18 32 29 43 41 41 30 48 25 18 39 39 29 41 39 25 
50 26 34 47 31 27 20 32 21 20 38 45 23 37 30 32 45 35 49 28 26 32 49 25 50 19 25 47 43 43 
46 23 28 27 18 41 47 39 40 34 23 44 25 39 33 50 23 41 24 26 32 30 37 40 19 24 28 26 29 48 
43 31 23 48 31 48 44 26 32 41 27 41 30 35 17 43 36 26 35 22 19 27 44 47 26 48 17 50 32 22 
17 45 27 17 22 44 37 30 27 17 41 19 25 28 29 47 50 19 42 50 34 32 33 21 38 40 19 44 20 48 
39 17 47 36 34 43 50 33 47 22 21 44 33 43 25 34 25 40 31 33 31 46 32 45 28 21 44 50 42 24 
24 22 43 25 32 34 31 47 42 49 17 40 22 18 28 46 36 25 35 22 19 22 34 35 23 36 21 20 26 46 
27 17 38 27 46 24 48 33 17 45 22 27 49 33 18 43 28 48 31 17 32 25 24 18 20 44 50 44 48 44 
29 24 33 34 49 32 48 21 47 46 30 18 26 26 31 27 48 25 24 23 37 23 27 25 30 43 23 33 19 27 
37 47 43 47 26 19 27 34 50 26 41 50 27 44 33 44 46 42 30 38 35 34 28 51 24 35 19 38 48 25 
33 42 32 20 36 45 49 42 18 39 32 32 43 47 47 26 49 42 37 19 44 50 29 50 30 42 19 44 42 45 
48 24 40 25 48 39 40 50 26 35 25 20 44 44 25 21 37 17 24 51 24 19 37 32 48 34 35 20 43 26 
23 21 47 50 20 47 38 46 26 48 44 35 51 21 24 37 47 18 37 32 46 49 22 36 20 46 44 45 19 42 
38 32 17 35 31 44 27 46 36 19 49 17 40 37 29 28 43 38 27 21 17 46 39 44 40 41 37 27 23 37 
45 28 21 41 32 31 26 22 46 34 44 45 27 47 36 20 19 23 46 36 30 41 49 31 48 40 49 50 29 24 
32 48 22 36 45 40 28 43 35 37 24 46 17 22 49 47 38 17 27 39 36 39 44 46 24 37 50 32 35 18 
25 37 45 50 32 35 38 28 33 45 28 32 46 27 40 32 33 50 26 23 34 32 40 46 20 36 43 46 22 25 
47 19 31 31 39 49 37 33 22 41 23 39 43 30 44 35 29 21 46 47 36 50 45 18 40 43 43 22 18 29 
38 49 31 29 27 35 33 24 21 37 39 45 50 34 48 42 27 44 17 50 50 33 25 49 36 29 21 32 38 49 
46 25 47 49 35 50 43 30 45 48 17 24 38 34 39 44 24 26 43 26 18 31 35 25 49 19 47 33 23 43 
36 24 24 49 26 30 17 47 38 36 44 29 29 19 28 18 40 48 22 24 47 45 20 24 25 26 36 47 46 35 
34 40 31 27 42 44 44 28 42 23 32 49 24 24 44 23 21 35 35 43 51 32 24 47 34 32 49 29 49 22 
40 25 26 24 21 20 50 47 22 33 35 39 29 41 49 37 34 32 21 46 40 20 19 19 41 44 39 35 31 25 
46 41 27 22 38 20 20 38 26 25 20 44 29 32 32 23 31 31 26 18 26 42 32 35 50 21 46 18 46 40 
20 28 19 27 51 35 20 31 50 19 40 22 18 45 38 27 20 19 32 27 49 38 33 19 33 25 26 38 38 24 
27 39 25 36 47 24 33 30 35 34 31 44 26 46 42 46 47 38 42 49 23 24 49 18 19 34 20 43 31 38 
22 40 30 32 27 29 44 38 22 38 23 26 31 49 36 26 36 33 43 22 49 18 38 49 25 24 35 27 24 50 
40 18 26 19 25 40 31 24 27 30 38 42 17 38 37 51 25 27 36 36 19 39 31 22 48 27 33 28 32 33 
27 30 41 19 33 31 33 45 29 19 25 24 30 31 27 24 46 40 26 19 26 23 22 17 43 49 31 49 27 21 
41 50 41 42 17 29 25 22 20 50 37 29 22 50 47 38 32 27 29 23 17 36 30 17 38 33 49 28 33 26 
17 37 51 33 24 45 48 28 26 48 51 38 39 17 47 22 43 45 17 20 40 36 40 38 45 47 24 21 30 28 
50 37 34 45 32 21 44 29 37 31 28 39 26 49 39 43 39 42 31 36 24 22 22 31 27 47 24 38 46 45 
23 48 42 37 26 24 39 35 36 35 33 19 22 27 21 22 27 49 20 25 38 21 28 21 38 44 31 25 23 20 
25 18 37 28 28 51 49 43 45 28 25 27 48 37 38 28 46 22 44 22 44 20 38 41 38 40 26 28 34 35 
31 37 27 26 41 37 25 33 41 45 26 36 38 30 48 33 23 40 17 30 29 32 47 18 30 33 31 42 45 43 
34 25 37 29 24 34 32 23 17 48 32 46 22 39 24 21 29 46 38 18 21 19 41 39 18 22 22 26 30 50 
51 33 28 46 45 30 33 17 44 50 50 42 38 40 28 33 33 50 29 26 48 28 27 36 50 18 36 42 20 24 
23 33 19 34 21 17 18 36 27 31 26 35 44 42 45 44 42 37 19 48 45 40 32 25 27 17 42 22 48 40 
27 45 27 43 45 42 27 24 49 50 29 48 41 39 45 44 29 19 38 50 26 24 29 38 35 28 47 26 32 48 
27 17 23 26 18 50 44 24 24 42 19 32 35 43 18 49 24 27 19 35 33 44 46 37 30 46 51 23 23 20 
18 47 41 43 47 46 50 28 36 45 39 40 19 31 25 24 43 47 33 33 35 39 45 35 22 34 32 50 23 45 
36 30 37 18 49 51 51 41 31 46 33 30 20 31 25 48 37 31 27 21 30 50 30 37 35 24 25 35 48 33 
20 33 41 19 41 35 22 18 38 49 30 27 34 37 44 23 32 20 25 40 38 46 47 49 18 50 25 24 37 28 
43 17 48 32 41 45 39 44 33 22 39 47 36 34 34 35 25 46 20 35 25 21 32 37 34 26 31 38 51 46 
43 40 44 45 38 31 42 27 17 48 17 27 22 33 39 40 36 30 18 24 33 26 20 27 25 22 48 42 27 46 
28 39 33 38 47 35 51 44 44 36 37 25 47 24 28 21 19 24 37 29 44 27 29 44 24 30 47 46 39 18 
31 40 32 40 49 24 37 23 42 32 40 38 31 24 45 39 27 43 37 39 31 40 27 48 43 31 37 28 24 20 
23 34 31 40 37 50 27 20 24 30 50 42 26 34 25 35 39 17 34 50 38 45 44 25 25 38 21 42 40 30 
22 49 28 26 30 40 45 36 33 43 38 49 48 35 20 26 48 34 32 23 21 38 31 34 44 23 40 46 32 38 
34 18 45 25 36 48 28 50 50 35 25 41 47 31 46 48 18 33 33 33 33 35 49 36 40 47 39 42 23 21 
17 21 19 47 20 43 22 48 24 42 45 26 30 17 39 27 25 37 30 44 17 18 44 22 22 41 30 39 33 34 
20 49 21 17 18 47 25 41 47 42 48 38 39 21 31 20 25 24 27 20 22 49 25 42 47 37 48 23 50 27 
33 44 48 30 26 19 36 19 51 33 36 48 46 41 43 24 23 46 37 28 34 45 33 47 50 42 35 37 34 50 
33 30 32 30 20 32 26 22 36 21 40 37 34 37 25 34 40 35 17 48 39 23 41 37 34 20 49 27 17 17 
30 36 28 32 28 28 18 25 50 24 48 35 43 17 30 18 33 34 21 30 49 18 20 42 27 25 30 30 50 38 
37 30 18 17 17 46 23 24 28 42 21 34 26 47 34 33 24 46 39 40 39 43 29 25 18 32 34 39 34 40 
28 17 21 27 24 25 26 17 28 35 24 38 25 28 48 24 18 29 38 45 37 33 26 31 38 32 25 49 26 49 
17 23 25 21 50 25 35 34 28 50 43 29 28 29 19 41 47 19 33 39 35 39 47 48 29 42 25 19 35 38 
20 48 38 47 46 43 27 40 22 22 38 47 43 27 42 37 23 37 26 24 32 19 48 32 27 48 17 26 19 33 
25 44 25 40 40 18 25 35 28 30 46 39 32 27 48 38 21 44 41 20 21 23 44 41 41 42 29 18 29 25 
47 40 25 44 24 42 25 27 43 20 21 49 23 45 25 18 22 41 26 20 29 21 20 40 38 36 29 39 28 28 
29 29 23 35 50 38 29 19 45 37 42 32 36 38 18 33 41 50 27 38 45 32 48 20 40 28 31 44 22 29 
24 31 43 48 24 49 45 34 50 39 19 44 24 35 30 31 33 49 38 34 36 25 29 50 39 24 37 45 35 38 
22 41 26 51 24 24 24 31 42 19 26 22 42 23 20 21 40 26 37 28 33 38 38 24 32 36 23 36 34 19 
51 21 23 23 35 28 44 18 17 47 21 34 18 44 17 32 34 48 37 44 44 38 38 23 39 32 27 44 37 47 
43 44 31 42 22 22 42 25 44 38 44 41 47 18 23 42 18 44 28 47 23 48 31 27 39 25 44 46 31 19 
39 26 42 27 25 29 39 24 32 26 35 36 19 17 47 44 44 27 40 29 22 48 42 20 31 50 50 47 46 22 
38 46 34 26 18 34 22 36 39 48 32 49 38 30 19 22 33 37 24 45 33 49 27 37 51 32 26 35 36 21 
19 20 26 35 27 25 27 24 49 51 38 41 27 34 33 48 24 39 31 31 36 37 20 42 22 29 50 35 30 28 
21 21 34 48 43 51 35 48 49 39 27 26 46 19 31 45 48 26 50 20 49 44 29 50 38 39 45 49 46 48 
37 42 31 41 24 47 28 17 20 23 32 24 24 42 50 18 48 32 24 48 42 34 22 34 37 50 32 38 51 43 
22 32 44 45 44 18 20 31 47 34 51 27 41 34 26 50 43 44 23 18 28 49 26 47 40 41 42 44 27 26 
49 50 23 32 50 34 18 36 41 19 30 20 21 50 36 41 36 17 24 39 34 51 24 43 25 50 32 18 30 49 
35 46 50 35 38 26 39 39 36 28 29 17 27 21 29 24 49 49 34 24 42 26 47 29 39 45 46 27 45 25 
43 26 35 31 49 32 38 21 20 43 35 27 42 41 27 38 46 49 42 23 21 25 47 50 22 49 25 46 18 35 
19 46 43 36 38 19 24 35 44 25 27 37 40 23 30 47 26 46 35 22 30 25 36 25 17 36 31 42 33 18 
40 49 46 22 24 22 51 46 37 24 43 50 48 24 49 30 39 37 38 42 20 27 31 17 43 29 31 24 39 33 
25 42 23 24 19 33 20 49 17 33 47 35 44 35 33 27 39 22 46 40 39 48 48 41 31 18 32 32 37 37 
38 39 40 26 22 35 21 42 34 34 42 34 27 39 42 42 49 38 45 21 43 34 30 41 31 38 21 27 27 21 
43 30 48 34 48 51 38 48 23 20 29 37 40 45 30 29 23 18 31 45 45 17 22 43 34 38 38 18 45 24 
880 889 853 867 721 890 882 821 612 882 681 717 871 881 641 795 860 828 814 641 886 841 880 829 859 831 796 757 868 833 
64 12 36 88 92 50 74 98 0 23 23 0 19 50 12 36 99 2 7 68 35 6 50 56 74 80 35 33 87 56 
13 55 20 42 68 45 60 66 87 8 10 87 40 69 97 27 98 61 81 33 23 41 30 88 18 42 44 63 87 45 
