3
30
86 148 71 
122 115 86 
149 124 145 
77 88 64 
141 53 53 
88 141 138 
101 66 130 
65 77 104 
95 114 109 
120 132 144 
91 139 56 
89 54 65 
145 126 144 
72 111 115 
96 73 142 
53 88 94 
115 70 90 
71 117 74 
104 138 71 
121 58 144 
76 75 136 
145 70 95 
105 116 144 
102 68 67 
51 99 134 
57 50 113 
82 137 87 
82 67 145 
77 127 107 
105 147 111 
28 22 41 18 31 22 47 29 32 48 32 37 20 33 30 20 19 18 44 36 44 49 31 18 20 48 19 39 20 49 
46 29 17 46 32 37 50 43 30 43 43 49 21 18 43 46 27 41 28 40 23 35 28 49 26 24 35 20 28 24 
26 45 45 42 30 32 27 48 17 44 43 46 27 25 17 40 36 25 43 21 48 43 21 23 34 49 35 44 25 42 
39 34 30 29 18 37 26 28 36 24 42 21 43 42 50 17 32 34 21 20 44 47 29 50 18 31 21 31 38 22 
33 17 47 35 30 36 24 35 43 42 37 30 38 47 47 37 42 21 26 35 36 21 36 38 17 36 29 20 22 35 
21 30 22 40 38 26 29 22 23 40 27 43 30 45 46 38 22 31 38 39 22 21 45 28 16 22 48 27 41 33 
43 34 22 17 32 30 28 34 40 49 44 30 18 42 42 36 27 44 49 28 49 27 34 25 25 27 27 49 47 23 
45 44 50 18 49 37 41 40 48 42 25 22 33 33 42 39 31 27 31 29 27 48 43 30 36 17 35 40 20 49 
45 41 23 23 23 26 37 49 32 39 27 32 46 22 36 33 33 23 39 19 45 17 20 18 42 47 41 36 50 17 
37 33 19 29 23 42 25 48 20 29 45 37 31 31 25 19 33 27 49 33 49 49 41 49 49 34 50 17 17 20 
38 41 19 34 33 25 39 21 36 35 36 20 26 20 30 37 45 32 34 22 46 43 20 24 39 48 17 34 27 31 
17 23 21 31 33 21 26 47 29 45 43 18 47 24 24 21 18 46 23 22 29 31 37 38 26 26 44 30 18 45 
46 37 45 31 37 33 40 26 33 42 48 34 23 42 32 41 28 40 31 32 33 31 42 28 22 18 44 36 23 48 
17 39 40 35 37 22 39 38 31 42 30 28 49 42 45 25 23 40 46 35 48 22 23 30 20 28 27 26 40 19 
25 18 38 29 46 31 43 39 16 26 47 30 28 17 31 39 43 47 45 48 25 21 30 24 24 38 44 17 18 27 
43 28 41 20 28 46 39 18 22 29 44 32 33 37 47 49 26 29 34 31 34 40 47 45 36 23 23 22 35 24 
25 28 47 48 40 34 30 45 49 43 46 34 46 39 41 18 18 28 28 21 35 35 32 44 32 37 45 21 44 35 
42 31 39 36 30 41 17 25 26 36 23 42 41 46 38 31 35 37 42 40 33 23 36 29 20 48 18 33 19 22 
44 27 37 29 49 27 48 42 39 34 32 39 20 18 42 49 36 30 39 43 44 41 48 31 34 33 30 19 48 43 
47 17 45 36 21 44 27 28 32 26 46 43 23 32 23 32 18 26 45 38 30 47 45 19 46 42 20 41 26 29 
31 26 21 18 45 17 33 39 46 26 31 50 17 46 42 25 19 28 43 46 26 22 37 20 39 38 32 25 30 46 
30 24 45 41 32 33 32 45 33 31 49 38 31 33 48 37 44 19 24 42 38 25 30 39 49 22 42 17 45 18 
17 46 29 33 21 32 28 44 49 35 39 42 50 41 44 22 41 28 21 34 18 41 25 28 44 39 26 42 22 17 
35 47 19 18 43 20 23 40 26 35 20 23 24 25 18 48 40 17 25 18 30 18 18 18 18 46 17 36 29 16 
31 44 23 44 46 43 17 45 49 31 25 19 32 33 27 40 35 31 27 23 35 34 33 24 26 47 30 17 20 31 
19 20 50 17 24 43 31 29 43 28 31 24 27 48 49 49 45 26 20 46 32 23 47 41 42 36 26 26 46 17 
19 37 24 32 40 20 24 21 33 18 27 31 17 41 38 25 40 28 22 26 40 34 26 46 38 43 46 31 44 22 
42 35 18 43 32 39 39 20 19 40 45 27 37 37 22 45 39 31 45 20 23 47 26 31 23 28 43 35 36 49 
24 21 16 42 18 26 38 27 22 36 46 39 36 37 47 17 27 47 35 20 18 34 45 29 23 22 25 26 24 24 
45 45 48 27 21 19 48 38 17 30 22 43 33 27 50 21 38 24 45 22 44 29 42 44 34 28 25 35 35 28 
20 33 31 42 25 35 42 45 28 26 31 35 38 20 49 23 29 45 24 39 36 35 32 23 25 30 18 31 46 40 
20 19 24 32 30 28 21 38 47 36 28 37 40 21 35 40 41 35 29 49 35 26 27 38 46 19 32 40 39 21 
36 27 41 44 21 35 18 29 40 18 18 19 44 24 29 42 46 33 26 47 28 30 33 19 42 50 34 21 27 49 
34 45 36 27 27 17 49 39 23 23 33 41 18 23 37 37 42 17 42 28 19 50 20 39 35 29 35 34 35 21 
26 34 22 28 39 37 30 41 46 40 30 29 30 26 35 36 34 41 22 33 26 32 40 45 45 18 19 49 42 29 
40 21 18 17 32 27 36 21 47 28 41 28 42 37 33 28 31 43 38 21 25 47 19 20 21 26 30 41 31 42 
28 43 34 48 39 22 35 23 22 23 19 40 41 44 45 48 28 21 42 33 25 23 44 41 34 34 32 31 40 37 
35 34 21 33 44 27 41 42 31 27 28 18 44 22 37 28 40 21 36 31 44 24 31 43 44 42 47 21 41 37 
30 19 42 47 45 18 29 17 46 35 28 26 43 37 22 30 17 31 29 27 31 37 27 19 29 44 36 25 22 48 
22 37 48 49 44 43 36 41 44 24 41 49 41 34 24 38 17 45 48 40 38 49 47 18 22 45 42 33 22 18 
31 23 29 48 40 22 20 43 27 30 47 30 40 33 26 22 45 49 21 17 42 43 40 19 49 40 18 27 28 30 
25 20 29 33 21 34 32 46 27 19 44 47 48 20 28 42 28 21 50 19 33 33 21 36 36 33 49 19 39 45 
47 24 17 22 23 39 22 36 21 42 19 30 41 30 28 22 48 38 32 36 18 48 39 38 29 40 30 39 33 25 
19 24 30 28 27 45 33 35 28 43 38 44 22 30 18 25 42 28 22 36 26 28 37 17 38 25 22 22 18 36 
23 28 19 41 25 16 27 43 44 29 17 36 26 45 36 20 34 48 23 42 24 29 36 49 17 37 44 37 24 31 
20 44 26 16 22 29 23 32 17 22 45 47 41 46 50 17 27 43 41 26 32 50 17 50 38 41 45 33 26 42 
31 35 19 18 40 30 36 37 48 40 30 30 38 34 48 17 24 38 47 17 20 20 43 27 39 41 47 48 18 34 
24 17 25 39 38 42 20 28 39 19 34 16 36 22 25 39 27 39 44 28 40 46 24 41 48 17 29 39 42 38 
47 46 44 38 24 39 34 18 43 35 26 41 35 19 24 37 30 36 16 33 23 28 47 34 37 23 23 24 29 27 
38 32 40 28 21 17 43 27 24 46 46 29 43 19 48 30 29 43 40 23 27 37 47 21 30 18 30 30 48 43 
24 29 30 38 22 42 32 42 32 24 25 32 45 36 19 44 42 36 29 33 44 25 37 35 24 22 24 32 35 35 
29 33 27 20 47 32 33 50 41 28 19 35 34 48 25 36 43 39 29 27 19 22 20 48 30 28 23 20 44 18 
26 19 26 33 36 37 47 45 38 45 28 41 30 35 20 28 43 42 50 32 47 27 28 22 28 27 40 17 42 21 
26 44 33 31 32 19 41 35 18 23 35 32 21 35 50 37 48 37 28 18 49 30 44 35 41 23 45 33 40 19 
27 31 44 29 43 33 48 33 24 46 27 32 48 45 38 26 23 32 24 26 42 44 26 38 44 47 36 19 41 35 
40 34 27 21 37 48 35 49 45 26 18 26 38 36 23 40 38 38 37 40 39 44 28 19 18 22 18 44 18 41 
33 27 21 46 29 29 44 36 28 24 25 41 26 26 37 18 38 32 44 38 36 28 24 45 48 41 35 46 29 31 
42 30 42 39 48 41 26 38 46 47 28 21 28 29 26 21 43 40 42 36 46 26 18 16 47 20 22 27 19 46 
21 42 32 22 31 43 29 22 36 30 19 42 32 34 17 23 47 36 43 49 20 21 40 18 36 47 21 49 48 41 
49 17 18 28 47 36 46 21 38 46 28 45 24 22 28 33 28 39 49 18 21 20 19 39 48 26 46 33 48 20 
21 33 46 41 25 45 26 41 35 17 22 21 47 18 42 46 37 26 41 26 18 18 16 46 21 22 40 18 20 19 
43 29 40 18 30 24 44 27 33 33 43 23 18 23 27 27 20 40 40 25 49 24 35 46 24 27 24 29 35 17 
49 45 30 50 40 31 47 39 26 24 49 48 45 45 31 19 38 41 20 28 36 17 40 25 47 31 43 49 33 30 
46 47 37 17 48 49 50 18 36 42 37 23 37 20 24 41 40 24 41 19 44 33 46 19 23 19 23 32 30 22 
21 35 25 44 20 30 29 41 47 47 39 39 28 39 19 16 22 38 30 46 22 44 37 22 28 35 22 35 42 44 
24 36 40 28 24 20 44 49 25 22 22 48 22 19 17 48 23 42 34 20 37 25 33 33 29 19 27 19 19 38 
30 28 22 24 28 41 31 28 35 17 33 38 25 37 37 29 39 33 39 23 41 26 42 28 37 27 21 37 40 21 
34 25 34 35 18 30 38 45 40 38 26 22 39 34 42 44 20 32 49 31 21 35 25 22 25 42 36 18 43 41 
18 36 47 27 40 45 25 23 34 41 39 19 44 17 25 41 24 49 36 27 21 31 26 28 49 18 45 41 32 17 
21 31 45 26 32 33 32 18 41 17 25 26 32 33 21 40 31 45 21 32 34 26 32 34 30 43 17 20 45 42 
38 32 23 18 28 24 27 37 25 46 44 30 23 42 42 36 27 17 49 20 18 21 40 27 46 35 20 21 48 32 
44 50 23 24 41 28 20 39 19 45 43 48 44 25 21 22 49 18 37 33 26 46 24 27 22 34 17 40 25 31 
47 27 33 26 38 31 18 25 30 40 30 42 34 45 33 19 31 24 46 20 45 48 19 28 24 43 40 18 20 23 
24 36 26 28 43 25 49 42 48 31 33 16 18 44 30 40 49 38 21 25 25 30 47 22 39 32 18 28 27 19 
35 27 28 31 29 31 26 41 38 36 23 37 19 42 49 18 47 37 42 44 31 39 46 44 35 46 25 17 25 23 
18 25 34 43 40 30 36 36 46 27 27 42 44 35 32 50 45 18 30 41 21 40 24 30 46 47 37 49 42 21 
34 16 19 23 46 24 49 20 38 19 35 27 27 29 20 48 30 17 39 22 34 28 43 49 24 41 22 26 25 49 
34 48 28 48 17 28 24 47 43 31 23 18 37 46 41 42 34 41 36 24 44 48 49 24 39 33 48 30 25 33 
34 40 42 31 17 19 33 48 32 44 20 39 36 47 48 29 37 18 18 44 26 17 20 42 39 31 49 21 27 47 
23 46 27 26 35 41 48 50 48 36 24 16 17 19 47 36 43 18 29 32 38 37 20 19 29 47 44 18 37 47 
22 18 44 18 26 32 49 28 17 38 40 35 17 47 38 35 27 31 36 47 35 31 21 24 23 48 19 40 37 31 
41 30 28 38 28 23 26 46 36 19 33 33 27 41 21 31 31 39 34 46 48 44 41 36 22 41 37 38 23 47 
46 37 39 23 40 44 17 48 48 45 49 39 44 47 20 42 24 38 34 44 41 48 24 48 41 18 36 41 45 41 
35 35 23 48 47 48 41 19 23 29 32 32 43 24 18 42 17 26 43 27 37 44 35 26 22 27 22 16 44 20 
44 36 24 41 20 49 34 25 17 17 36 26 41 37 43 32 23 24 35 31 26 27 45 35 28 30 35 45 18 40 
44 20 44 43 21 49 36 35 42 24 28 18 41 39 37 35 27 31 49 18 27 45 50 32 18 49 44 47 35 27 
42 30 17 34 18 18 19 34 48 30 47 18 42 34 41 32 36 38 17 31 48 44 30 39 39 33 22 28 43 30 
18 45 28 41 38 33 20 18 46 22 41 38 27 38 21 48 29 39 36 23 35 23 34 38 25 44 18 27 19 39 
24 26 23 36 44 28 25 49 49 40 47 19 20 39 44 20 38 40 25 32 49 46 17 28 39 48 42 34 42 38 
33 35 36 18 31 31 19 39 32 18 17 41 40 21 24 30 27 40 45 39 26 44 17 17 21 46 35 38 35 29 
844 598 829 815 793 604 817 809 716 856 822 808 811 668 829 799 807 863 852 842 806 635 818 807 844 834 826 855 863 779 
16 86 3 28 88 94 1 17 98 98 89 70 93 59 26 41 52 27 98 57 32 35 10 99 86 87 18 35 8 64 
50 72 34 26 6 37 95 69 65 76 40 47 14 69 55 29 97 17 39 76 82 64 28 95 63 41 69 94 51 0 
