3
30
111 96 143 
78 52 130 
111 126 126 
98 96 123 
86 133 130 
131 117 109 
101 68 136 
53 94 98 
57 78 120 
112 148 105 
124 65 64 
103 50 85 
56 105 78 
86 101 106 
125 105 54 
141 62 85 
135 134 55 
78 56 103 
61 62 135 
55 113 143 
65 97 87 
113 65 60 
98 63 95 
80 113 137 
136 62 139 
135 98 127 
146 117 142 
53 57 64 
53 143 50 
94 131 67 
36 34 25 39 18 42 21 16 48 26 22 45 44 24 36 47 42 18 36 45 32 23 18 16 43 48 26 42 42 32 
29 29 46 23 38 46 30 43 42 33 32 28 48 36 31 36 33 38 26 18 41 29 43 41 16 26 43 48 16 46 
26 31 30 20 32 38 40 27 18 47 39 18 29 40 35 42 45 24 16 45 28 24 22 47 40 43 37 46 30 31 
45 46 45 28 38 33 40 27 26 23 25 48 45 41 22 29 43 45 38 23 26 46 43 38 46 47 28 44 32 30 
41 20 18 24 25 43 17 27 23 31 28 45 46 38 25 48 22 38 27 40 20 27 43 35 37 21 35 32 24 25 
41 38 20 37 47 35 21 19 23 24 24 31 43 30 38 21 21 47 43 47 29 35 36 17 27 22 47 24 45 46 
24 36 31 21 41 20 35 34 23 26 33 18 41 29 40 43 46 40 40 30 27 35 41 32 21 30 21 25 37 34 
34 31 47 47 30 20 28 30 26 45 24 30 44 33 26 48 38 23 39 48 47 35 39 17 19 17 20 38 19 21 
20 21 25 17 32 34 16 26 34 23 36 29 34 47 18 20 33 35 32 30 18 41 35 29 43 26 22 16 32 34 
19 28 22 27 17 35 20 40 34 38 32 42 24 40 40 25 26 25 38 39 23 45 29 20 37 46 42 38 18 39 
17 22 34 27 24 37 37 33 37 16 31 36 23 34 34 45 37 19 48 41 33 30 22 35 28 37 41 20 40 31 
35 24 44 23 36 35 45 48 36 25 34 31 32 22 38 28 20 29 31 20 37 28 30 28 33 31 43 42 26 42 
37 27 48 19 28 19 44 43 36 22 19 28 44 27 16 40 29 33 37 34 24 46 28 40 38 42 42 43 18 47 
22 45 34 38 23 19 23 39 20 38 37 41 26 32 41 20 43 42 23 37 16 40 35 27 22 33 17 47 16 30 
27 19 28 41 43 24 40 33 36 20 43 26 25 43 48 16 48 30 24 19 29 21 38 28 31 40 43 46 40 36 
35 22 36 28 28 19 20 21 30 29 47 38 21 31 29 28 23 37 17 33 48 47 40 35 28 42 37 42 46 21 
29 19 16 41 35 27 21 40 46 47 47 22 37 28 44 44 18 39 33 28 43 16 48 44 26 36 40 34 46 30 
17 31 35 21 29 17 46 19 22 48 48 18 20 38 20 28 17 36 35 22 20 35 38 34 42 25 22 45 40 47 
47 17 27 26 22 32 33 43 41 38 40 16 36 33 40 16 21 45 27 17 40 26 33 36 26 21 42 41 26 33 
40 36 18 44 28 37 29 29 41 20 33 21 33 37 30 43 32 21 32 22 30 38 21 41 24 28 24 34 24 27 
19 32 27 38 33 43 48 37 42 31 42 22 43 25 30 24 20 21 26 31 35 48 31 35 23 18 47 23 32 38 
41 18 37 30 20 16 18 26 39 37 40 38 22 27 42 48 41 47 40 39 40 36 40 48 21 45 43 22 40 25 
30 42 20 43 41 43 41 34 29 33 22 23 41 17 21 36 34 42 32 22 17 30 39 37 28 38 43 31 40 35 
38 42 45 31 19 31 44 20 33 26 25 42 48 36 40 43 47 42 47 38 40 28 21 17 35 28 37 31 43 20 
18 31 34 40 34 46 39 21 27 30 38 19 38 31 36 30 38 38 26 45 37 46 42 42 37 45 27 17 21 17 
20 40 46 22 17 47 35 45 39 47 17 21 31 48 22 36 44 33 26 38 45 34 26 33 19 48 27 40 18 18 
21 40 26 43 31 16 45 20 31 24 25 37 17 23 25 38 40 29 19 18 31 34 29 45 18 35 33 48 19 22 
39 30 42 37 38 29 17 21 34 26 23 28 47 42 40 21 46 26 34 34 27 18 21 32 40 36 29 23 20 24 
23 40 20 39 38 33 37 44 39 47 16 38 41 25 46 22 22 45 24 30 28 46 19 46 31 44 29 25 18 31 
40 33 33 41 21 46 38 18 26 30 17 27 36 27 31 33 28 27 31 26 18 25 41 33 35 32 19 28 20 43 
24 34 27 17 27 24 25 29 19 38 33 31 45 36 41 35 19 47 22 27 35 29 22 23 47 41 30 16 40 29 
45 33 26 30 19 18 21 19 26 41 42 20 42 33 43 30 18 25 45 44 19 16 33 37 44 34 41 43 26 38 
20 37 17 43 26 33 21 33 48 26 25 32 17 37 48 20 32 46 28 36 19 26 37 20 31 27 26 30 37 28 
16 23 16 45 37 44 22 42 31 16 34 19 45 25 46 27 37 21 28 28 43 17 26 45 42 21 27 35 40 24 
27 33 39 44 35 23 30 43 43 47 37 48 24 22 41 23 46 39 21 30 40 40 17 25 37 35 36 16 38 25 
23 16 29 20 29 30 16 27 28 17 41 47 36 25 39 36 28 38 40 30 39 29 44 43 39 18 41 42 20 18 
34 26 24 18 23 16 45 39 27 19 19 38 44 42 47 42 26 36 45 43 23 32 41 22 35 27 33 34 21 44 
40 39 48 25 27 23 25 45 34 23 34 33 23 28 22 35 45 31 23 41 34 21 16 35 42 44 44 33 47 28 
44 36 31 39 25 20 42 45 28 23 40 18 45 39 19 35 33 36 24 30 32 30 17 28 35 31 47 18 47 42 
45 44 29 28 42 22 18 23 44 38 33 28 26 48 36 28 36 34 35 20 43 33 31 28 25 35 40 48 30 35 
31 40 45 27 42 45 34 39 20 42 20 16 44 22 28 46 37 26 34 24 18 44 19 18 32 42 30 35 47 18 
41 36 46 28 21 48 17 46 22 34 41 25 20 24 41 33 24 36 39 28 43 38 28 22 43 41 40 28 18 35 
27 20 31 44 30 36 35 36 36 41 21 28 28 22 22 42 28 29 45 30 43 30 26 34 19 29 27 44 32 41 
41 47 39 31 46 23 41 47 47 48 32 25 38 46 22 23 31 42 21 47 25 36 42 46 36 16 28 17 41 41 
29 22 42 28 42 24 37 28 29 34 35 20 24 40 39 27 24 30 34 39 17 21 21 36 48 25 31 37 39 45 
37 35 27 33 17 28 47 36 32 48 23 29 20 18 25 35 19 26 44 45 41 27 30 25 22 43 34 45 45 46 
47 43 41 24 18 22 25 37 42 43 30 44 16 42 32 42 40 41 18 40 47 30 25 22 43 18 21 30 42 20 
20 38 37 21 22 36 37 45 44 25 32 16 30 34 36 18 29 30 18 43 45 36 48 38 20 40 25 38 30 33 
36 42 28 45 26 21 38 17 38 17 19 33 45 43 34 20 17 36 37 38 29 44 46 17 45 27 34 33 35 28 
45 35 33 38 19 43 30 38 24 47 18 41 32 30 21 40 28 20 16 18 19 28 43 19 41 32 31 42 36 40 
25 18 42 19 35 29 26 26 28 28 46 46 43 20 48 29 36 22 37 46 35 43 40 38 17 29 41 40 41 42 
21 43 23 29 18 32 45 34 30 23 35 43 47 44 26 30 25 46 42 23 22 24 26 41 42 16 20 22 35 24 
19 38 41 42 23 42 45 22 22 17 18 30 22 19 18 33 38 16 41 45 40 25 48 46 24 23 33 35 45 36 
26 35 42 32 26 47 45 16 32 20 33 37 23 40 38 32 47 19 29 17 27 45 35 28 37 46 34 22 44 22 
19 43 36 38 41 35 28 17 19 41 16 29 35 17 40 25 48 33 28 26 28 41 43 42 28 24 17 35 22 44 
32 45 18 44 24 27 43 31 24 24 18 43 48 17 44 36 17 16 37 25 47 34 42 46 25 39 19 19 21 23 
45 27 24 32 38 23 36 21 36 41 17 18 30 17 37 27 28 20 46 33 27 43 39 30 47 29 43 46 17 27 
25 46 29 36 32 41 30 23 46 35 33 35 47 37 43 45 46 20 30 19 43 23 39 19 31 27 34 21 39 34 
29 39 27 31 46 42 19 21 43 25 22 26 20 16 47 19 27 22 23 31 43 42 26 30 26 39 45 35 41 27 
29 47 16 33 37 38 43 33 27 44 17 38 45 42 33 45 38 31 43 45 45 36 18 26 32 21 42 29 30 34 
30 41 21 37 29 27 39 48 38 44 27 44 37 26 33 22 27 16 31 34 39 35 38 17 17 44 26 40 36 34 
37 18 28 38 41 31 25 40 29 17 30 21 33 28 48 42 38 23 34 20 40 27 39 36 31 46 44 29 30 17 
34 41 45 24 20 28 31 46 44 27 27 16 46 23 31 38 28 18 20 44 48 41 38 24 26 17 24 44 16 35 
42 35 43 18 17 31 43 40 26 42 44 24 35 34 34 48 46 43 43 43 29 37 37 45 18 21 16 29 35 37 
34 41 26 27 30 20 37 30 29 27 33 18 32 35 32 38 25 20 20 17 43 33 29 36 36 16 26 19 18 16 
46 32 46 28 39 27 32 37 24 42 45 29 28 46 44 25 44 21 43 48 27 47 36 28 29 30 21 28 46 45 
30 30 33 29 34 35 40 44 18 25 45 42 24 29 17 26 27 19 26 44 24 47 39 33 28 47 26 39 44 36 
19 21 17 19 28 44 22 17 37 37 23 35 20 24 18 33 45 28 37 20 17 45 32 42 23 41 17 37 47 31 
22 32 34 35 17 25 29 39 18 20 42 33 22 26 45 41 47 45 18 31 38 23 32 20 34 34 20 48 18 35 
16 24 29 47 37 30 40 28 25 26 37 23 37 23 47 42 16 21 42 27 48 21 17 44 41 48 34 28 27 25 
37 44 43 45 31 31 42 24 27 23 43 48 28 25 45 27 46 46 37 25 31 26 37 39 28 22 43 34 23 39 
29 21 47 43 37 22 27 29 17 43 23 46 26 33 42 40 43 42 18 47 23 43 38 46 36 37 30 31 24 39 
41 18 29 33 46 41 18 22 36 18 43 38 30 38 33 27 46 40 21 24 48 45 32 42 25 35 36 36 45 31 
16 41 39 30 28 42 18 42 41 24 22 34 28 20 24 20 33 27 42 22 45 16 34 16 42 37 34 31 25 32 
47 30 41 23 19 30 40 30 34 47 33 47 28 22 40 31 24 37 21 34 30 38 28 17 37 32 42 24 44 35 
19 45 35 20 22 41 18 32 24 32 38 38 24 37 21 46 36 39 30 21 24 39 40 19 47 26 20 35 21 39 
37 43 38 35 37 19 34 33 33 26 45 39 30 26 36 45 38 22 22 45 37 16 41 18 20 47 30 27 19 42 
39 40 33 32 24 32 40 26 39 41 20 39 28 35 31 20 39 25 20 17 20 37 28 24 31 37 42 33 21 46 
30 30 40 46 42 43 27 43 36 17 22 29 32 29 29 43 16 28 47 38 41 24 20 42 33 16 35 36 44 36 
18 29 31 25 35 37 45 21 45 28 41 38 36 24 38 30 42 18 34 38 28 28 18 18 27 32 44 25 42 16 
26 27 24 39 21 39 35 45 35 41 26 21 21 31 29 23 46 34 27 42 23 40 47 44 31 43 28 30 20 40 
36 32 27 24 32 20 19 47 45 33 43 35 21 29 29 38 32 42 34 48 18 32 43 21 33 33 46 21 29 25 
18 18 43 35 16 40 27 16 24 33 20 40 30 39 40 31 46 39 40 47 27 27 48 22 44 35 33 42 23 18 
28 33 17 27 27 20 19 32 20 44 34 18 39 42 36 27 22 27 41 18 18 16 43 47 39 46 48 19 28 34 
48 40 44 27 33 41 18 42 21 34 33 37 48 25 42 18 44 47 37 27 20 35 23 17 22 26 35 47 35 45 
41 35 29 22 40 48 29 36 26 23 45 25 20 28 44 25 29 48 23 43 40 41 37 23 40 26 16 39 48 40 
39 20 33 32 45 22 29 23 35 29 26 43 38 39 31 42 24 17 37 44 34 32 30 22 37 38 46 23 40 29 
43 31 21 17 32 44 24 44 16 17 19 26 45 33 36 27 21 39 40 22 28 26 28 44 44 43 35 37 28 19 
17 39 33 38 44 28 40 29 44 46 25 39 23 18 34 24 28 38 23 47 34 48 16 29 35 25 39 17 20 48 
36 36 33 32 40 24 34 16 19 42 25 39 22 46 44 35 42 44 39 37 46 23 36 38 35 42 41 47 34 27 
644 789 841 683 831 787 764 670 803 783 823 818 738 607 823 794 773 797 693 573 757 762 688 838 792 833 716 619 795 769 
14 86 41 52 37 27 20 74 58 50 80 47 48 97 18 8 80 56 85 43 35 47 27 27 45 54 34 68 75 31 
3 75 57 21 44 21 10 84 23 3 23 57 17 49 78 63 40 40 21 19 10 23 2 77 66 7 45 20 36 27 
