3
30
119 143 79 
118 61 97 
91 129 109 
57 69 136 
83 74 127 
134 132 51 
141 93 74 
80 103 72 
143 69 134 
54 126 108 
56 141 51 
72 149 64 
73 67 68 
111 62 81 
92 149 68 
60 75 120 
77 85 126 
51 63 136 
129 138 91 
51 126 69 
125 52 109 
136 135 125 
113 128 118 
140 114 66 
118 64 99 
138 120 87 
139 74 133 
129 51 102 
99 75 61 
64 142 68 
18 34 46 20 42 45 35 27 27 46 29 32 16 43 29 26 29 40 28 42 48 36 43 32 20 39 46 18 17 41 
25 28 46 35 27 20 29 43 40 20 31 47 31 45 34 19 40 16 28 18 40 43 35 23 21 19 48 17 20 38 
26 33 26 40 43 39 39 32 43 42 25 47 16 46 41 29 31 48 41 28 48 22 45 26 38 36 18 36 25 31 
16 39 41 22 42 28 16 29 45 46 30 23 28 19 31 37 47 21 20 36 36 36 20 18 43 45 27 36 44 46 
40 25 47 19 46 22 25 27 19 39 46 22 45 18 35 46 27 47 41 17 44 38 27 18 26 29 48 25 37 23 
48 34 23 20 18 31 35 24 19 18 32 41 23 30 22 24 17 32 29 40 18 35 34 46 41 43 36 44 40 27 
43 30 31 17 39 40 37 26 17 36 44 41 45 48 35 18 27 25 25 31 17 25 37 17 25 31 22 21 19 41 
24 28 21 37 33 28 20 42 36 43 34 38 46 26 24 20 41 31 47 20 43 17 46 40 36 30 36 39 35 43 
21 17 31 41 36 23 40 37 47 22 34 37 18 42 17 23 42 44 18 29 33 27 35 33 48 19 42 28 45 47 
21 39 25 19 34 40 22 20 19 22 30 31 43 21 21 28 36 16 35 36 28 28 27 36 41 40 37 18 35 33 
40 19 41 41 19 32 28 31 24 18 36 38 35 28 43 37 23 25 45 39 43 28 22 27 32 25 17 19 18 33 
46 42 46 36 18 27 32 27 24 29 20 40 46 37 24 48 42 22 47 28 28 37 17 21 25 36 19 24 43 32 
16 16 31 35 32 38 33 24 24 26 25 44 19 27 28 24 27 41 33 27 19 26 44 32 46 26 24 21 41 22 
45 42 38 32 23 23 19 40 45 43 39 38 26 41 28 28 21 22 28 17 36 29 25 40 24 34 45 27 31 47 
34 48 24 29 44 34 23 40 32 23 45 35 41 38 42 44 41 38 43 16 25 37 42 40 28 34 47 28 37 46 
27 42 42 23 22 19 31 35 33 48 30 28 47 30 18 24 31 45 16 37 48 35 34 46 33 30 43 33 29 31 
48 22 39 19 32 24 36 21 19 29 33 42 41 38 38 23 35 42 28 27 47 45 26 39 30 45 48 22 31 20 
41 26 47 20 32 24 41 26 42 42 47 16 30 33 41 21 47 24 26 27 28 17 32 43 41 24 31 35 19 30 
29 37 22 41 23 26 39 45 38 44 16 35 23 40 47 41 38 20 42 26 23 43 30 31 18 45 18 27 29 45 
46 40 22 30 41 35 38 18 38 44 22 26 41 32 23 31 31 33 34 25 23 40 36 46 41 46 25 37 27 41 
21 28 28 33 30 39 30 20 26 34 28 45 32 43 21 44 24 24 18 24 30 37 26 46 31 39 35 22 41 33 
24 41 21 32 48 39 27 20 28 30 25 26 21 46 34 38 29 45 32 19 25 32 31 28 43 47 23 44 38 25 
30 27 16 19 44 19 18 22 42 18 30 35 28 17 42 36 40 28 38 19 20 16 36 39 39 22 37 33 43 19 
40 35 40 33 19 19 34 47 21 47 31 45 21 23 32 34 33 45 17 33 25 24 44 27 41 20 46 30 43 20 
46 38 31 20 30 28 42 24 31 43 36 41 27 36 26 25 37 19 35 18 20 39 17 33 33 27 39 20 32 30 
39 30 29 28 26 24 27 31 22 47 17 37 31 23 30 35 45 18 48 39 44 46 19 32 39 42 48 47 24 37 
47 39 25 48 16 32 18 25 37 34 33 30 29 44 33 38 38 40 47 36 21 19 45 21 17 18 16 23 29 42 
44 20 32 45 17 20 31 28 26 41 22 34 32 16 25 23 43 40 21 44 46 20 16 35 48 22 22 37 35 20 
35 38 35 26 41 35 34 21 37 46 21 39 20 42 18 36 18 36 25 47 36 22 25 44 26 28 37 48 20 34 
32 21 40 46 26 36 16 37 16 41 19 31 34 20 44 36 32 29 47 27 29 33 21 25 20 17 16 17 30 28 
27 27 39 35 26 29 27 38 28 34 27 37 39 47 25 46 22 18 30 44 38 32 38 37 19 18 29 28 34 22 
38 27 16 19 48 45 22 28 18 18 30 24 48 32 43 26 43 48 35 16 32 16 22 38 38 40 26 22 19 26 
29 37 43 48 46 22 46 39 21 47 17 24 23 16 44 19 28 48 47 30 18 27 47 43 41 44 47 21 37 36 
42 19 18 34 44 20 45 22 30 44 37 36 20 47 17 40 29 44 28 44 48 24 43 33 39 17 28 39 37 20 
33 32 30 38 19 44 46 43 22 47 23 37 29 16 21 35 48 26 19 28 39 32 46 19 36 29 31 17 16 45 
45 41 18 23 28 17 30 21 27 37 26 18 38 39 16 48 33 20 31 30 17 27 22 25 21 29 48 22 25 24 
41 42 46 34 23 40 39 38 22 37 39 30 16 31 47 33 16 48 28 47 19 34 45 43 34 22 23 36 48 43 
26 29 39 33 48 46 22 23 40 33 24 27 34 22 36 28 29 43 42 32 38 25 36 48 18 34 23 39 45 46 
18 28 38 32 22 46 48 21 22 44 43 44 38 35 39 27 32 30 48 42 29 47 41 35 30 34 18 41 44 42 
30 44 22 45 41 34 32 24 39 37 29 48 26 38 43 45 33 24 42 21 28 40 40 42 25 28 17 20 23 44 
32 28 24 36 24 31 38 18 34 38 23 17 21 25 47 25 19 41 46 38 36 33 42 43 19 37 46 21 48 38 
35 44 37 46 40 23 41 31 47 26 19 25 30 18 30 35 28 45 41 20 47 17 19 44 35 29 36 17 41 44 
43 35 17 36 43 27 20 21 39 49 35 20 41 22 20 28 31 35 44 46 20 35 26 29 48 19 38 20 29 21 
47 22 34 45 41 34 29 18 20 23 35 44 20 48 44 19 45 38 44 46 29 20 41 32 29 47 34 18 30 40 
37 44 23 29 19 21 46 37 30 31 23 30 18 28 27 19 19 46 35 19 39 35 48 20 24 39 34 42 29 22 
45 43 16 17 48 28 25 31 31 31 48 31 36 38 27 43 41 47 33 38 16 43 47 32 21 27 18 44 29 43 
43 32 44 48 28 22 35 46 41 31 29 38 35 27 25 46 23 45 42 17 49 40 41 20 26 23 38 44 32 48 
35 45 31 32 42 19 39 20 46 20 31 17 20 39 16 48 24 26 23 30 42 45 38 23 27 22 19 26 41 47 
25 20 37 29 42 46 31 18 25 22 48 25 20 44 20 37 25 21 24 19 46 34 39 21 42 38 33 43 30 28 
23 26 16 28 30 42 29 20 19 33 49 31 48 43 19 31 46 31 42 19 29 17 38 46 38 24 39 19 18 46 
38 45 16 22 17 23 22 41 20 19 40 18 25 24 35 36 33 29 22 25 47 35 30 45 30 21 17 17 23 46 
31 30 25 44 18 21 39 43 35 22 35 35 44 33 40 20 32 29 35 40 20 24 41 40 44 28 47 39 35 40 
22 40 22 28 35 19 27 34 34 17 31 41 17 33 21 36 35 41 18 38 18 41 22 26 16 40 37 18 21 45 
48 25 22 38 17 29 20 26 17 48 16 21 18 36 23 38 40 41 44 26 28 34 27 46 48 29 25 22 48 45 
43 21 35 36 38 36 39 26 48 16 22 20 25 26 35 27 44 32 28 25 24 18 33 23 23 18 29 47 37 19 
28 36 30 34 25 37 25 19 41 46 36 17 28 41 29 48 37 18 16 29 22 35 47 18 18 25 33 46 18 31 
22 16 45 36 25 36 42 19 27 17 40 26 41 46 46 19 38 36 30 16 44 17 28 47 44 29 41 36 31 43 
48 29 25 27 45 21 48 25 21 39 38 22 30 22 39 16 48 23 23 39 44 21 43 47 32 25 48 25 40 25 
37 36 28 32 34 48 36 30 16 25 31 44 37 22 39 28 33 23 23 18 42 18 44 23 39 36 36 26 22 41 
31 47 48 45 16 18 32 24 31 29 39 33 40 20 32 39 21 45 20 39 33 24 19 24 26 41 27 31 17 40 
47 33 33 25 23 33 31 39 23 46 22 30 25 18 25 28 45 44 31 48 46 22 18 34 46 29 42 41 23 25 
21 21 41 45 23 40 26 25 42 21 29 39 33 32 26 45 16 16 39 17 35 36 23 18 36 25 45 20 42 25 
37 47 30 37 31 20 36 33 30 45 35 35 35 40 46 29 29 32 27 27 17 34 32 45 32 20 16 24 24 43 
27 24 48 27 45 47 41 17 42 17 47 22 46 47 34 34 40 31 48 20 16 30 36 21 16 23 27 27 16 39 
18 23 30 16 18 28 36 45 30 42 29 21 42 34 47 34 22 21 31 23 34 40 30 17 24 23 16 23 24 49 
24 37 33 48 20 29 19 32 37 16 27 48 25 20 19 40 30 23 28 30 25 34 48 48 17 43 38 34 37 24 
43 17 38 28 34 42 41 39 35 26 18 23 44 43 37 35 44 40 41 23 26 41 47 20 26 29 21 44 35 25 
22 17 27 34 44 23 40 39 25 32 39 34 27 19 35 45 23 39 24 18 17 41 48 43 43 41 29 18 43 26 
47 17 38 30 28 42 48 41 27 29 17 44 39 19 47 24 24 42 39 46 40 21 32 41 43 43 23 29 27 28 
20 33 36 30 23 39 41 20 42 47 40 19 37 44 41 32 22 42 47 25 40 30 44 19 21 37 42 43 46 19 
38 46 36 20 48 39 28 44 45 28 46 39 18 35 24 22 48 33 25 25 31 34 35 30 46 38 44 33 36 25 
16 31 19 46 17 38 22 37 36 26 48 33 26 40 47 27 47 21 37 23 40 42 17 43 40 24 18 33 23 38 
22 19 48 19 28 38 27 20 25 44 29 38 16 31 20 34 42 20 29 46 40 45 17 28 25 20 20 44 40 32 
22 22 28 34 47 33 29 30 44 21 45 19 22 18 32 18 43 41 47 37 47 45 40 35 23 31 25 28 18 41 
22 36 38 44 18 44 30 22 41 24 42 19 17 47 43 25 43 35 23 37 34 36 35 29 37 42 27 46 19 37 
21 45 25 43 30 28 24 34 46 44 23 30 16 33 48 44 26 38 38 25 26 45 21 18 36 39 22 25 33 19 
30 41 37 44 34 26 25 39 37 37 17 19 36 48 44 19 42 26 29 42 36 20 41 40 18 36 21 23 32 23 
39 19 34 20 41 33 40 46 30 44 30 32 48 23 20 29 34 28 40 20 18 41 24 16 25 21 33 33 23 45 
36 37 31 32 30 41 37 41 19 45 21 40 19 26 44 24 36 39 33 18 20 26 35 32 25 18 35 31 30 30 
44 46 41 21 17 20 23 35 23 32 29 45 45 24 45 43 40 26 23 40 23 38 27 44 29 28 18 23 19 19 
20 39 34 40 33 39 42 23 46 16 35 42 47 19 17 42 19 47 33 22 24 36 18 18 23 17 43 21 24 18 
41 36 37 48 17 21 27 43 42 41 23 41 28 38 48 40 40 17 48 22 30 21 31 36 39 30 32 41 25 21 
40 46 17 19 45 44 19 47 25 16 36 18 44 44 35 34 22 44 25 34 36 40 28 48 26 20 28 39 36 28 
36 34 48 23 17 35 29 44 42 26 18 28 28 39 46 19 37 32 33 21 22 26 21 25 48 30 37 47 40 43 
46 27 42 18 24 17 28 47 22 42 17 18 31 33 25 31 30 28 32 28 29 26 23 43 29 42 34 37 37 44 
44 36 41 41 40 43 36 17 37 44 40 20 20 38 34 42 48 46 33 37 24 27 46 30 45 17 32 41 28 17 
45 25 27 39 24 34 29 32 37 29 38 22 33 42 38 43 41 34 37 45 28 17 46 40 32 39 21 17 45 26 
25 31 41 32 43 42 43 24 27 41 40 27 40 28 33 23 49 18 39 47 46 24 42 16 28 47 37 31 21 30 
34 21 34 27 24 38 42 19 33 46 17 44 37 34 48 30 22 32 27 39 33 39 27 23 44 48 35 41 21 25 
34 34 35 22 45 32 34 37 31 18 21 25 20 31 48 22 29 43 28 45 38 19 30 29 43 34 41 21 24 44 
810 799 831 824 812 663 790 747 829 840 824 771 824 786 681 807 774 786 773 761 840 659 700 806 826 789 595 816 622 792 
19 37 39 68 51 28 23 2 56 65 64 78 71 79 53 17 24 88 38 15 7 84 29 76 53 49 69 83 97 33 
3 96 90 47 43 31 42 9 76 67 86 32 84 65 98 56 31 50 48 42 96 40 36 17 76 35 40 94 27 16 
