3
30
70 90 141 
136 108 83 
53 145 66 
70 83 142 
146 129 52 
115 93 120 
78 64 82 
148 125 118 
142 129 124 
126 58 131 
115 90 126 
66 111 80 
136 134 88 
94 104 80 
126 121 87 
113 67 138 
59 131 116 
94 137 93 
72 103 145 
55 73 119 
101 87 106 
125 55 117 
97 54 61 
95 65 142 
55 107 107 
77 69 94 
95 80 113 
56 85 92 
58 72 56 
108 104 92 
22 19 34 43 31 47 30 29 47 38 30 21 31 40 48 28 47 20 18 41 28 46 23 23 33 44 18 31 41 20 
38 20 18 39 38 22 23 27 46 42 48 40 47 28 40 47 29 29 18 29 43 39 27 38 36 22 49 36 33 47 
47 40 45 20 21 24 29 30 23 44 29 26 21 16 48 47 30 26 27 31 24 33 21 46 34 22 45 27 25 27 
34 46 17 26 36 23 22 32 38 20 44 36 36 32 26 48 21 26 16 40 25 36 38 42 25 27 30 34 33 39 
46 41 44 22 17 36 19 30 29 35 36 22 24 36 47 40 34 21 26 45 28 33 24 39 43 21 40 38 44 20 
45 48 39 31 26 22 35 39 20 34 20 39 28 20 32 35 37 16 23 18 20 36 19 32 41 36 40 26 33 24 
19 43 46 38 40 32 18 18 39 40 41 43 25 17 19 23 28 20 21 43 34 33 44 37 40 27 18 32 49 27 
46 43 18 47 25 44 27 25 17 46 46 45 19 46 29 42 18 28 17 46 44 35 27 20 30 22 29 27 36 27 
35 36 22 17 39 18 32 20 32 39 32 28 24 40 25 22 40 45 27 42 20 31 43 18 45 43 40 40 43 22 
39 45 28 36 42 42 36 22 34 37 28 29 18 30 17 38 17 49 38 26 27 24 17 38 20 22 24 21 21 35 
26 21 31 39 31 29 39 49 23 25 36 37 25 32 43 32 30 37 48 37 30 24 17 28 34 23 19 21 40 24 
29 28 21 31 18 30 21 18 18 37 37 46 21 16 39 27 44 41 35 27 38 21 46 23 47 23 40 35 18 34 
34 30 32 20 28 47 23 34 39 36 48 46 32 24 18 24 36 37 42 37 41 23 37 34 47 30 44 26 40 45 
22 17 46 47 22 28 29 46 42 18 19 46 40 45 23 23 25 35 22 46 44 37 47 22 38 27 34 32 26 36 
28 32 36 48 20 47 29 37 31 26 46 37 46 16 18 18 26 48 34 27 33 47 45 31 35 26 29 25 42 26 
44 48 36 26 46 37 19 35 20 19 38 17 48 17 44 40 43 32 28 37 30 39 43 41 47 23 32 44 22 21 
34 25 21 39 25 44 39 27 20 40 29 33 47 40 24 32 18 30 42 17 36 22 33 33 39 37 45 19 25 30 
21 23 40 39 31 34 27 18 33 48 44 33 34 29 36 33 36 42 17 49 44 39 31 36 19 32 42 35 25 19 
39 39 35 32 40 31 28 36 49 49 47 45 28 28 48 32 43 22 28 23 38 24 29 37 35 34 40 35 37 43 
37 19 30 49 29 37 46 45 43 47 30 46 21 43 45 26 38 30 37 36 34 47 29 29 41 47 18 41 30 38 
39 39 43 22 23 28 19 41 41 17 29 16 31 36 26 25 25 26 32 37 45 26 28 36 47 45 25 47 43 24 
45 28 42 43 39 23 46 43 42 38 45 48 38 38 43 18 37 44 22 21 27 36 47 32 45 20 46 27 25 42 
28 27 47 29 38 28 18 37 22 46 33 32 30 33 18 24 23 22 36 27 20 27 39 23 45 48 17 44 16 16 
33 18 36 25 29 39 43 38 45 32 20 32 43 19 45 22 44 44 19 43 21 29 20 25 35 32 43 41 40 44 
19 23 41 43 23 41 17 27 36 22 38 41 25 34 40 29 41 26 24 21 30 25 30 19 23 46 29 34 37 35 
32 34 48 21 38 48 46 47 45 24 37 30 19 48 17 41 34 27 48 31 18 18 38 40 40 27 38 26 28 40 
41 43 47 34 49 47 44 35 25 41 40 31 24 33 18 45 46 41 32 28 21 21 29 48 22 20 34 36 49 39 
20 18 26 37 46 37 21 47 26 39 37 22 48 33 34 38 41 39 33 18 19 25 23 40 33 20 43 22 19 20 
34 39 26 46 32 25 35 26 30 26 49 29 23 19 30 49 27 49 22 25 28 46 19 20 33 34 26 23 36 44 
41 47 23 42 44 17 27 46 17 23 22 38 40 47 38 17 44 36 34 42 39 39 26 39 31 27 40 28 33 25 
49 39 22 36 28 20 20 35 28 26 42 49 20 27 25 28 41 38 27 24 43 40 20 19 47 31 44 27 32 18 
39 39 49 48 28 47 20 26 34 38 46 19 47 31 22 34 38 21 23 49 18 28 28 34 40 38 27 33 19 21 
46 34 21 42 45 31 48 48 42 45 30 48 27 19 25 46 45 44 46 24 17 21 28 37 49 44 41 22 21 36 
16 31 36 44 16 25 47 44 17 27 35 37 46 42 42 16 40 37 45 22 42 26 43 30 48 48 35 27 21 22 
41 18 34 39 39 39 47 21 35 32 44 37 36 29 30 19 19 24 18 45 40 38 17 26 35 26 35 33 36 47 
28 20 44 31 21 37 28 17 43 45 35 48 23 30 22 49 17 48 40 20 48 45 46 17 34 17 34 18 34 20 
48 38 36 25 21 22 23 17 31 48 36 40 40 28 36 19 20 32 30 31 29 23 21 21 19 20 24 26 33 27 
48 18 20 26 27 18 29 36 18 36 30 16 41 28 37 31 18 22 35 38 45 25 32 47 39 21 41 39 39 22 
21 23 48 43 30 35 40 37 38 25 45 25 30 31 34 43 40 28 44 47 17 42 36 21 18 36 18 20 45 32 
28 29 42 28 21 25 40 32 44 37 43 30 23 36 43 17 48 31 39 28 43 17 30 34 25 23 49 29 40 21 
19 31 48 20 24 31 29 23 24 48 38 26 24 43 30 33 40 42 35 32 45 16 39 38 40 25 40 37 24 41 
37 32 41 27 17 48 23 44 45 43 37 39 33 42 46 36 35 26 17 30 44 34 26 26 40 43 36 32 23 39 
35 23 33 23 43 33 43 25 30 40 29 38 27 21 42 39 37 40 32 41 33 32 36 33 32 30 35 39 31 34 
35 41 31 49 37 48 23 48 28 35 38 48 43 46 22 19 46 45 34 29 20 38 23 22 41 41 18 34 32 38 
33 39 42 45 19 29 41 23 25 36 48 26 31 48 44 34 24 17 30 32 41 41 20 38 21 25 26 28 18 42 
39 21 31 26 43 31 44 18 28 28 40 43 37 45 28 16 21 24 47 25 31 27 36 20 37 46 24 23 34 42 
46 38 17 48 17 23 38 20 48 37 19 33 29 24 20 44 29 30 31 20 28 42 29 31 37 46 30 37 30 36 
37 45 31 38 44 43 19 39 36 46 26 37 29 25 47 43 45 34 42 40 24 47 47 40 44 43 27 34 24 28 
17 43 25 41 23 46 20 21 42 23 43 43 35 36 36 43 44 21 36 35 43 18 28 34 21 16 41 31 39 44 
25 39 35 48 39 30 17 30 46 18 17 43 21 27 37 34 19 22 43 46 38 19 18 46 25 30 41 20 46 45 
29 26 20 28 34 19 47 22 44 30 49 39 24 32 22 29 22 32 39 17 23 40 19 46 43 16 17 40 20 26 
32 28 45 25 43 26 36 32 25 38 44 41 39 40 28 17 32 41 37 28 31 24 44 25 35 47 46 36 48 25 
42 43 21 18 17 27 22 24 17 28 16 44 34 46 20 19 48 43 26 22 24 25 36 25 19 30 18 18 30 46 
35 22 24 36 17 44 42 28 27 27 26 48 30 31 40 47 31 19 44 27 20 23 29 40 38 25 19 47 18 19 
17 38 23 24 24 22 27 40 25 23 37 21 21 33 20 39 44 46 40 35 39 29 47 23 31 27 18 42 26 21 
40 47 31 28 39 18 45 37 47 29 45 23 40 46 33 40 27 45 33 27 35 36 16 48 34 29 28 39 39 35 
28 18 46 23 19 19 37 17 31 18 27 47 17 34 42 48 20 32 43 43 29 21 34 21 30 22 45 28 16 36 
17 40 18 37 32 48 46 27 24 46 19 23 41 20 36 21 25 32 21 39 41 17 21 40 26 18 23 35 19 39 
31 26 20 47 34 28 17 35 44 29 29 27 47 23 38 31 26 33 35 27 48 34 18 27 16 20 30 31 42 30 
29 16 39 22 24 22 17 47 37 19 17 34 43 40 36 42 30 43 34 23 25 32 33 46 43 44 47 41 24 23 
48 40 32 17 28 41 35 31 32 33 18 41 34 19 39 36 36 35 21 31 25 21 25 27 34 46 17 20 46 24 
16 40 16 48 17 19 17 37 17 48 38 41 19 37 31 45 31 41 25 41 16 40 34 33 36 31 28 48 37 27 
33 29 23 47 18 30 32 43 33 18 35 31 29 35 18 41 43 18 37 19 44 44 34 39 35 40 20 36 40 46 
38 18 42 34 28 37 19 38 22 17 33 30 40 39 21 44 46 23 27 44 28 29 45 45 30 32 49 39 34 44 
17 29 46 19 23 23 41 47 36 25 36 45 30 25 21 31 42 30 20 41 45 46 38 37 41 41 27 24 27 27 
48 21 37 36 29 35 19 44 38 23 18 43 44 31 37 27 37 33 39 33 21 34 36 43 30 23 35 41 18 18 
42 27 26 47 37 19 38 30 18 47 43 44 24 19 38 25 40 48 28 17 45 19 17 20 46 35 26 39 25 35 
22 29 27 20 20 24 40 17 41 44 17 26 45 42 18 34 23 27 22 43 29 20 38 45 24 36 18 39 17 40 
47 21 29 35 39 23 40 40 27 35 45 25 18 40 32 47 30 22 35 24 27 37 22 39 31 23 46 25 44 29 
46 20 28 29 41 37 24 38 36 27 16 38 18 33 45 41 26 45 33 26 25 40 26 31 42 35 40 30 47 24 
33 18 35 27 16 30 38 28 28 46 46 45 23 39 21 18 24 39 33 19 26 46 47 23 37 18 46 44 27 30 
47 34 46 44 20 20 18 38 28 34 40 36 24 17 19 46 18 39 48 19 29 18 25 19 35 42 39 30 30 28 
16 27 43 26 48 40 24 28 38 46 34 39 32 20 46 36 40 39 26 32 44 22 21 44 24 45 38 32 39 43 
17 38 24 41 16 24 31 40 42 23 41 35 31 38 38 44 18 46 31 28 36 42 17 41 24 46 42 18 44 36 
40 41 26 19 24 45 45 30 42 22 34 39 37 30 43 44 17 19 30 35 38 46 18 38 34 24 36 18 36 33 
37 29 25 34 41 17 23 19 25 26 27 39 27 19 26 28 33 30 20 17 16 30 36 27 24 33 22 19 29 45 
25 40 36 19 39 44 32 35 46 44 28 47 43 44 19 49 38 35 16 46 29 48 26 43 32 47 42 46 33 21 
43 18 22 30 33 16 21 32 40 29 33 33 45 31 48 35 36 31 22 43 33 17 42 46 34 47 18 20 49 40 
23 40 28 26 44 35 46 48 42 42 44 38 32 47 27 44 34 34 21 28 39 21 48 39 31 24 28 38 23 23 
16 34 37 35 20 27 24 40 19 20 19 42 37 38 17 40 38 48 32 45 34 18 36 38 38 29 44 44 33 30 
41 37 45 26 37 20 30 21 38 28 47 38 32 46 37 22 32 24 23 39 27 17 29 28 19 37 40 39 44 23 
17 35 43 27 22 17 37 21 44 35 38 37 26 23 24 46 46 25 23 32 40 36 46 19 38 34 42 47 20 18 
28 19 34 36 17 34 38 20 47 39 22 17 22 31 36 20 34 16 19 39 36 33 39 32 29 21 30 46 37 33 
45 47 18 24 44 20 27 33 26 37 25 45 49 35 21 37 35 24 49 22 28 44 29 46 20 33 28 20 45 27 
48 30 32 18 27 27 42 37 43 45 31 46 38 33 22 20 20 28 27 42 21 45 23 38 19 39 22 32 23 33 
37 22 43 40 32 47 35 26 26 44 47 46 33 33 31 32 46 18 27 18 39 37 30 48 45 25 45 20 33 22 
18 41 20 34 37 18 36 43 41 46 39 21 44 27 30 24 36 36 40 48 43 21 38 35 23 40 29 22 36 25 
33 26 31 39 36 33 49 18 37 36 18 29 29 24 21 20 45 36 28 42 47 38 48 31 27 21 25 27 47 35 
18 28 45 26 39 18 47 46 40 28 21 21 16 32 34 22 40 41 29 27 48 25 28 32 25 37 45 34 28 31 
18 45 34 38 37 39 24 40 17 24 29 35 17 17 34 42 26 34 49 34 47 29 41 24 18 43 20 47 43 43 
619 831 814 697 824 715 831 774 783 757 661 848 819 838 780 782 617 755 709 670 680 723 846 817 818 710 729 846 783 819 
22 71 64 80 68 98 47 78 78 70 57 0 1 31 71 62 72 4 59 66 43 10 25 83 15 63 4 44 65 85 
74 30 77 51 80 82 52 65 33 80 93 89 53 44 10 27 47 28 95 95 85 68 16 10 25 28 10 7 82 77 
