3
30
59 62 116 
69 127 99 
130 106 55 
143 86 82 
92 141 126 
74 57 82 
125 101 117 
122 111 72 
72 100 144 
114 94 91 
54 125 130 
132 139 72 
77 137 115 
84 119 115 
88 94 113 
51 124 77 
145 62 102 
94 74 145 
128 142 137 
143 116 50 
143 65 139 
59 139 120 
124 109 68 
84 129 66 
96 114 87 
58 67 92 
113 130 123 
102 114 126 
113 142 125 
146 128 68 
49 33 24 23 30 47 42 32 20 28 21 49 48 26 32 42 33 43 38 40 32 45 29 45 24 40 32 19 21 36 
28 21 50 44 32 45 40 22 42 19 28 42 19 38 43 44 46 33 39 22 34 51 48 48 34 46 27 30 41 31 
18 42 20 20 32 19 27 21 43 46 50 51 43 48 36 29 43 43 32 30 27 28 42 43 26 25 38 24 44 40 
40 33 25 34 35 27 23 31 23 42 42 35 41 19 48 23 36 35 41 47 29 23 26 51 42 25 25 47 40 21 
51 39 33 34 41 47 27 18 46 29 41 34 39 31 32 21 45 49 49 43 22 48 33 17 26 27 29 50 25 35 
28 28 22 18 22 22 30 35 19 37 45 18 48 48 49 40 31 20 41 48 28 39 44 20 44 44 30 31 39 43 
46 31 50 38 39 51 25 50 32 43 32 26 24 29 36 45 38 45 33 35 45 45 30 45 27 20 45 21 37 32 
44 29 25 26 19 19 35 34 36 17 36 23 24 46 23 41 45 35 28 33 19 19 31 25 20 26 27 42 38 19 
43 39 29 41 19 45 19 24 25 42 27 46 37 20 40 20 29 34 19 19 41 24 31 32 25 39 38 48 40 34 
44 34 45 43 45 21 35 20 50 36 33 46 24 40 35 33 34 36 44 35 51 33 28 47 23 41 21 46 17 28 
49 51 44 34 21 43 25 25 40 36 41 32 35 49 26 44 33 22 38 42 45 17 19 45 31 50 21 33 41 36 
38 51 22 37 36 18 22 45 28 32 50 50 30 51 42 27 33 27 21 22 31 32 35 24 18 50 19 29 23 41 
40 26 27 30 46 36 27 20 32 28 37 33 21 44 19 33 24 47 45 18 30 27 26 25 22 27 46 17 47 25 
41 36 17 27 27 39 25 29 39 41 37 30 48 29 21 41 37 40 42 17 41 39 24 25 20 35 47 26 42 40 
30 27 18 35 40 24 50 31 46 51 49 34 49 36 25 30 39 35 40 48 20 30 27 24 45 29 34 31 50 30 
38 51 23 24 23 46 29 31 22 44 21 48 44 31 50 38 39 41 33 26 31 45 33 27 38 44 51 30 47 20 
49 38 39 33 18 29 49 24 40 17 32 44 37 50 49 39 29 47 30 41 32 29 46 45 25 23 28 31 41 48 
46 38 23 30 25 24 29 39 19 37 33 47 49 43 50 42 29 48 22 34 39 19 34 27 47 35 46 24 23 23 
19 26 18 32 41 44 48 33 47 48 48 33 30 19 23 25 41 49 36 46 20 26 18 43 48 35 33 35 20 32 
36 47 30 44 51 45 23 41 48 29 38 23 20 22 43 28 27 19 46 25 24 44 28 29 43 37 48 31 48 37 
40 47 23 33 38 18 31 48 23 35 41 46 51 34 37 33 42 20 32 38 49 27 47 39 28 41 43 35 36 39 
37 38 41 20 25 22 49 36 36 33 46 41 46 19 31 45 48 42 35 34 32 32 25 50 24 25 51 23 25 49 
43 41 46 34 49 46 43 32 38 40 19 41 34 19 21 43 46 22 42 43 21 43 43 49 27 49 25 40 22 35 
30 30 34 45 22 42 44 24 51 42 24 42 43 28 46 49 46 17 43 24 37 32 19 43 42 37 44 25 51 19 
22 19 29 24 36 17 29 30 49 39 27 47 48 31 50 47 22 39 37 26 32 47 49 24 36 49 45 21 27 37 
23 38 44 49 36 20 27 28 36 36 50 36 27 24 20 29 50 30 43 35 50 38 26 26 30 21 45 29 33 25 
44 29 34 38 35 36 20 47 37 34 45 43 31 17 49 37 30 22 38 22 18 43 42 25 35 49 27 47 42 20 
48 23 50 26 46 21 43 24 35 41 28 43 31 43 49 44 26 51 36 28 32 46 24 43 25 22 27 28 32 26 
38 47 31 51 22 21 45 36 40 20 44 35 46 49 23 36 42 33 23 21 22 47 41 48 44 42 49 26 40 31 
20 48 27 45 41 44 22 41 42 41 51 29 38 34 46 39 21 44 33 18 29 29 48 45 50 18 17 29 27 34 
23 42 28 50 39 41 36 24 39 23 38 47 23 35 44 51 29 21 32 18 17 36 41 47 42 19 43 19 41 50 
49 34 33 35 31 34 49 21 47 31 37 37 32 35 49 26 19 43 23 43 36 45 45 23 46 24 46 39 35 22 
28 45 17 22 27 24 43 43 46 28 42 50 17 35 49 45 42 27 20 21 26 30 35 36 27 30 48 46 22 17 
46 50 22 34 40 41 41 18 44 44 35 48 45 23 19 24 23 36 45 30 38 46 45 33 41 43 39 31 39 22 
43 43 48 30 48 50 22 17 29 23 26 35 48 48 23 46 22 43 46 39 29 17 18 42 18 45 41 40 41 51 
38 38 19 30 23 26 34 28 42 17 32 41 46 41 29 27 21 43 37 41 32 25 44 46 20 50 40 27 30 51 
27 32 46 25 41 36 30 39 20 29 21 32 30 26 45 33 32 33 30 51 26 40 18 42 35 45 49 31 34 47 
31 49 38 42 39 25 19 33 44 48 31 45 21 47 26 39 19 49 22 22 33 23 38 34 46 35 49 21 24 24 
22 22 45 31 50 19 34 50 43 30 32 36 23 34 32 17 18 41 33 17 23 33 36 50 50 32 35 29 30 44 
41 39 23 39 47 42 43 39 37 21 39 41 23 50 50 20 47 19 31 41 27 43 33 30 22 49 17 42 34 41 
40 25 19 28 29 48 28 26 42 35 22 23 49 47 28 31 27 34 36 37 40 38 18 37 21 22 32 37 35 25 
29 37 43 28 39 34 27 27 41 31 32 51 31 18 35 17 18 36 44 33 43 31 48 50 33 19 36 30 40 41 
32 39 48 31 40 28 49 42 23 39 51 18 48 48 37 51 39 29 42 48 46 27 34 17 33 38 45 41 41 50 
45 48 17 35 20 27 36 37 48 40 51 34 37 49 40 34 21 46 41 26 44 44 26 49 48 46 40 20 29 22 
42 34 36 31 30 51 33 32 23 49 46 27 37 24 29 33 17 32 30 36 35 26 34 27 33 22 30 25 42 18 
21 41 47 49 29 21 29 32 40 49 39 46 26 26 35 45 18 48 28 49 29 37 39 38 27 40 39 29 32 26 
46 44 17 43 32 28 49 50 27 34 26 41 21 32 26 31 39 33 49 29 18 23 41 22 47 39 24 17 28 19 
27 20 46 32 17 46 29 20 51 31 37 28 48 37 23 50 45 46 28 19 46 35 27 27 22 25 30 49 36 50 
23 21 23 31 42 18 39 44 33 23 20 28 46 21 36 19 22 34 43 44 40 48 19 32 35 21 47 18 39 28 
48 46 20 18 40 25 40 51 48 18 42 47 47 49 50 50 24 42 43 44 35 25 24 46 48 31 39 34 34 41 
46 27 28 19 29 30 27 45 21 43 22 29 17 34 30 27 50 40 37 30 18 34 38 30 36 43 29 31 47 43 
51 26 38 37 42 38 27 41 26 17 32 47 29 44 39 37 46 40 25 23 27 24 34 34 48 35 37 46 46 36 
43 33 19 43 44 24 43 18 17 34 47 40 29 18 42 41 49 24 38 33 20 17 22 27 37 44 35 26 42 41 
36 44 26 32 41 41 39 32 36 27 30 36 36 33 20 40 33 25 50 40 23 27 35 18 43 23 25 19 42 45 
34 25 39 21 33 47 47 45 21 25 20 30 33 33 42 44 33 36 42 51 45 25 45 23 26 36 27 21 49 25 
26 39 31 21 18 42 18 47 42 48 40 51 37 41 47 33 35 20 31 45 47 46 45 28 22 24 46 32 42 50 
41 39 41 28 48 23 26 37 29 24 46 51 50 25 26 19 41 30 49 31 34 19 20 26 24 45 17 28 29 42 
50 47 40 40 27 39 43 33 37 20 41 28 40 49 19 49 24 38 34 17 24 49 20 49 20 35 50 40 43 28 
50 30 37 48 39 49 50 19 40 20 30 29 41 34 35 47 45 45 39 27 36 39 34 24 31 42 21 33 44 46 
38 28 20 25 38 19 18 21 32 26 51 44 48 23 22 27 34 31 36 50 31 33 32 48 36 27 17 28 28 30 
41 28 30 20 39 32 38 31 51 40 49 17 48 24 51 47 44 31 44 36 45 43 38 37 44 39 19 24 32 35 
22 21 31 33 29 18 31 40 50 40 49 28 38 27 39 18 31 45 44 39 28 28 38 18 38 32 30 31 46 44 
26 28 23 39 25 42 33 24 49 22 35 44 18 17 47 44 18 47 20 35 17 50 32 31 43 31 25 33 28 48 
36 37 22 43 22 33 28 29 42 37 32 39 34 17 26 22 29 26 35 36 46 19 45 25 18 51 33 51 24 26 
42 44 35 23 32 41 23 41 43 37 18 42 21 34 29 19 34 48 35 40 50 49 27 30 51 41 45 20 27 21 
49 36 30 41 45 39 40 27 29 23 31 20 45 32 40 32 28 39 50 50 34 23 21 31 48 27 21 23 48 48 
25 43 29 22 45 38 42 27 40 21 33 46 36 28 34 48 18 22 47 19 46 33 47 34 23 26 35 27 45 23 
37 32 22 39 23 31 37 27 26 41 42 21 17 31 23 40 43 18 26 29 39 28 26 19 51 39 36 45 49 51 
41 30 29 39 25 50 31 42 47 25 19 49 48 32 35 25 23 29 27 17 20 17 31 23 28 34 37 37 51 19 
42 39 22 31 26 28 23 31 18 31 23 34 35 18 49 39 51 37 19 47 38 18 19 50 35 45 41 19 29 38 
45 36 35 43 41 44 33 46 17 21 48 46 31 24 22 44 49 24 43 48 41 37 32 31 36 37 32 29 21 43 
50 36 39 29 29 29 30 24 50 38 40 23 51 41 23 49 23 42 46 24 32 33 35 38 47 48 42 43 35 49 
30 26 30 32 51 32 26 20 36 49 42 20 34 23 46 39 26 38 30 28 39 21 24 31 43 46 28 25 40 28 
25 48 35 34 28 28 35 27 24 45 44 38 50 18 27 25 30 19 33 35 27 38 23 29 30 45 22 31 23 17 
17 29 29 27 23 23 49 36 26 38 27 30 22 25 40 44 25 49 40 27 41 37 34 43 21 27 22 19 42 24 
24 37 41 22 37 36 24 44 47 50 25 36 51 40 40 29 33 20 31 47 26 45 19 48 24 23 51 29 36 37 
49 44 48 35 47 18 32 30 43 44 32 38 23 51 17 44 19 35 37 51 32 27 40 17 40 38 25 45 45 41 
44 38 49 33 19 22 26 43 28 23 23 50 23 39 44 50 51 44 38 21 24 17 26 46 51 45 23 45 19 34 
41 36 44 36 27 39 49 25 38 18 43 27 43 19 36 27 44 41 43 23 37 27 18 35 28 47 47 50 49 50 
21 44 44 39 48 24 43 33 20 26 31 21 21 47 20 49 50 33 44 36 41 24 34 22 20 37 50 41 45 25 
29 31 35 17 31 46 50 33 30 40 24 35 51 18 29 44 21 29 50 23 44 33 31 51 51 26 40 41 18 27 
34 20 24 22 49 30 40 22 34 28 46 39 31 46 40 42 20 44 27 42 41 35 36 28 37 18 42 32 45 21 
44 24 38 35 42 48 34 38 50 49 30 45 19 44 32 26 32 37 18 19 50 40 46 42 40 18 21 21 39 40 
43 26 50 37 41 20 28 27 33 38 18 27 33 39 22 26 42 23 32 24 32 50 19 46 27 38 27 30 37 25 
30 28 40 29 26 43 34 28 21 39 39 32 20 48 41 40 26 37 44 40 25 32 18 45 51 27 40 21 47 35 
45 48 21 42 48 30 47 39 26 27 29 35 26 40 30 42 27 50 24 50 17 50 49 37 20 29 44 39 41 26 
25 33 47 40 31 44 19 27 30 44 36 31 24 47 21 45 40 34 28 45 49 35 32 27 40 51 41 51 35 17 
47 24 51 48 20 50 34 19 42 32 51 35 23 36 46 29 18 17 31 51 36 23 28 19 20 17 31 42 31 40 
51 43 37 39 47 29 35 17 41 48 22 24 42 25 30 34 39 46 27 21 43 40 26 31 29 40 28 46 18 39 
19 43 39 39 27 31 46 29 39 23 27 17 32 18 25 19 29 26 47 24 38 50 21 48 43 19 34 19 31 32 
872 838 849 681 830 714 641 854 881 829 684 765 882 820 770 827 841 852 843 721 871 709 824 882 815 612 868 892 622 834 
90 96 56 32 69 34 42 26 16 15 18 52 75 11 32 6 53 4 40 55 20 52 65 2 26 24 57 5 88 30 
63 75 85 98 95 17 66 82 67 48 95 14 36 94 48 74 34 90 29 63 69 46 15 77 49 82 90 1 93 11 
