3
30
131 58 83 
61 110 146 
128 109 50 
90 78 114 
100 130 78 
127 119 57 
79 131 127 
55 72 91 
96 106 75 
101 132 140 
67 107 149 
103 86 137 
75 97 86 
111 122 149 
110 65 51 
82 59 86 
130 101 100 
131 91 92 
99 64 60 
91 108 54 
95 51 106 
52 65 110 
112 67 93 
55 64 116 
84 101 142 
59 133 119 
52 118 72 
56 105 125 
148 63 70 
90 117 81 
35 33 24 40 33 16 36 31 33 31 25 47 39 40 26 42 39 39 34 30 29 26 36 40 33 32 37 38 31 30 
25 30 23 32 27 41 39 33 25 32 27 20 27 42 42 20 38 38 34 23 29 22 36 26 38 19 25 40 35 18 
26 34 25 25 27 38 35 35 18 22 22 39 15 29 22 41 47 40 37 38 32 19 16 41 38 34 41 44 32 44 
22 16 33 31 28 37 38 46 26 39 39 47 30 15 32 44 33 46 30 18 44 22 19 30 36 40 45 36 24 17 
29 22 30 27 25 23 40 41 31 32 19 42 19 25 24 30 16 34 17 29 28 35 33 22 46 34 45 32 25 21 
23 41 41 32 29 34 41 42 21 21 34 43 27 30 24 32 20 42 39 21 27 39 24 16 19 45 41 30 28 16 
33 17 33 32 44 42 17 37 39 40 33 37 16 44 40 36 18 43 33 46 29 33 37 32 38 17 44 36 32 32 
17 39 45 39 45 43 26 33 21 34 27 41 46 21 43 27 21 33 23 27 33 31 41 31 27 27 26 18 32 37 
35 38 37 18 41 19 23 24 22 40 41 37 24 41 40 20 22 30 38 18 43 19 40 46 33 34 38 17 19 37 
39 42 39 40 33 36 42 25 24 30 39 44 37 30 20 20 19 34 27 42 18 22 46 18 42 16 25 30 26 45 
41 27 32 45 39 40 31 17 22 44 33 26 43 29 17 40 17 19 34 24 29 35 23 22 34 34 38 45 15 24 
28 36 40 44 27 35 39 39 17 44 23 27 28 24 19 20 38 17 34 40 23 24 18 44 22 27 41 37 30 28 
29 30 28 46 41 33 41 29 30 46 46 18 22 41 30 24 16 25 25 39 35 41 37 29 33 27 20 38 23 22 
27 32 20 35 15 17 32 41 28 19 16 16 44 20 24 38 21 42 29 29 42 23 19 42 31 34 16 20 37 23 
39 30 19 17 31 41 22 41 42 18 32 25 36 30 29 17 44 29 41 35 24 45 28 44 26 46 19 34 45 20 
37 22 24 17 23 44 45 44 40 32 35 18 17 22 16 32 24 23 27 26 29 41 30 27 28 25 15 31 33 40 
45 22 41 40 20 43 47 17 37 28 46 45 38 44 31 40 30 20 37 39 34 35 29 24 21 39 33 39 20 42 
38 39 40 46 43 39 26 29 25 26 30 30 24 23 22 44 23 47 41 24 26 41 20 25 18 29 23 17 40 21 
42 45 42 24 38 33 19 43 26 29 46 42 37 43 40 34 45 27 25 28 17 30 19 30 32 22 28 46 45 18 
35 19 26 33 19 30 45 16 36 17 43 35 24 27 37 40 29 37 20 42 41 17 39 29 30 36 41 38 25 16 
42 38 33 17 28 21 38 23 25 30 34 47 25 38 38 25 27 24 38 43 34 24 30 30 21 27 41 24 29 18 
17 34 19 16 20 43 46 16 44 18 32 42 43 18 42 44 42 29 16 26 36 19 34 41 32 15 21 16 25 46 
19 35 39 20 46 45 35 38 16 19 33 44 23 42 42 29 26 21 41 27 27 20 44 31 41 35 35 30 43 25 
40 31 27 43 25 35 24 22 36 16 37 45 41 24 35 16 37 27 23 26 34 17 47 30 20 43 37 45 27 41 
46 47 46 15 40 45 34 27 35 25 28 42 34 22 16 45 23 23 24 42 37 16 47 29 41 26 41 41 34 33 
37 29 18 44 17 18 20 20 37 35 31 45 39 26 28 37 44 28 45 24 29 29 46 42 28 32 47 22 45 42 
19 29 38 24 26 17 23 25 22 22 37 23 40 30 44 35 43 35 18 45 18 39 19 30 23 22 24 36 46 45 
26 35 27 29 45 31 25 21 44 16 22 18 31 31 25 45 21 38 41 19 36 42 25 23 19 22 26 45 29 47 
41 28 16 43 44 33 27 25 24 34 37 22 22 38 44 20 16 47 47 46 30 46 24 40 16 39 40 37 18 27 
17 27 42 21 44 22 36 28 23 16 27 21 46 40 19 30 17 47 18 26 21 30 20 35 22 33 34 27 23 28 
37 39 28 19 28 31 36 22 17 33 40 30 30 34 37 19 34 23 17 27 23 23 30 47 21 26 42 16 33 18 
40 30 26 35 26 34 45 28 41 46 37 37 23 26 44 46 25 37 26 33 41 18 40 30 28 44 42 43 28 27 
19 47 23 45 21 41 36 28 29 26 25 40 16 30 23 25 40 32 44 18 41 17 21 35 22 26 23 31 45 18 
42 28 17 38 19 33 34 30 43 28 41 40 19 42 22 20 27 43 20 37 40 24 40 19 29 28 37 46 25 33 
21 45 17 28 32 15 30 28 29 21 26 32 47 23 16 38 35 18 46 41 44 24 20 17 36 40 37 31 26 16 
31 21 23 40 25 17 31 38 25 20 41 40 25 22 40 31 16 32 16 31 21 37 32 21 16 41 33 18 17 33 
47 29 18 39 42 45 47 32 22 45 25 26 16 17 35 42 25 44 30 38 32 42 26 39 22 47 35 29 45 26 
31 41 22 34 42 24 47 22 30 19 15 25 32 17 38 38 25 28 34 27 45 16 33 45 28 43 25 20 35 35 
31 40 28 36 28 33 18 44 38 19 27 39 22 40 33 38 25 44 39 38 25 20 17 31 46 40 46 19 18 18 
19 26 18 38 20 17 27 41 31 40 46 18 43 16 34 31 42 24 37 34 40 31 47 16 36 17 38 23 19 47 
26 44 28 31 17 32 46 36 44 44 37 16 32 40 35 31 37 44 26 29 17 27 25 16 24 45 21 18 29 27 
44 33 43 17 22 17 40 19 18 38 43 39 27 47 35 19 31 45 38 23 26 26 24 37 46 39 32 34 30 27 
31 34 42 26 34 28 26 20 35 38 18 39 27 41 35 46 27 17 43 23 34 17 30 31 17 46 24 30 35 27 
28 26 22 30 40 39 28 29 23 33 39 36 35 41 18 41 26 40 38 44 47 21 19 23 22 39 43 25 36 29 
17 37 26 25 29 31 43 33 43 46 16 32 33 37 22 40 20 28 20 46 31 43 40 40 31 19 28 36 39 22 
22 16 26 26 28 26 20 23 47 41 36 38 36 38 22 27 27 21 18 31 24 18 43 39 39 34 23 41 17 23 
29 37 24 25 32 26 20 16 33 38 23 42 32 28 32 27 31 37 46 39 43 27 17 18 45 45 16 34 17 17 
32 37 45 30 32 25 45 38 29 38 24 47 41 37 28 20 18 43 39 18 17 45 34 29 24 25 29 36 18 46 
19 43 43 31 18 37 20 16 31 44 37 46 42 19 16 31 47 40 40 29 24 34 28 15 46 45 16 29 19 31 
21 28 38 45 26 41 31 38 29 18 41 17 23 21 30 20 34 34 46 41 30 20 41 25 46 44 29 22 40 39 
44 19 29 30 42 41 26 20 40 16 31 30 45 44 46 28 47 35 26 24 32 26 35 17 29 16 16 43 27 41 
35 39 33 26 16 28 28 37 30 19 44 37 24 32 19 34 25 40 18 18 43 28 39 28 24 43 30 22 46 46 
27 25 41 44 36 23 32 46 26 26 44 34 46 43 40 23 42 16 24 35 45 19 37 40 41 29 43 30 44 20 
18 46 22 47 32 39 33 39 38 40 22 18 47 47 46 35 34 39 24 20 16 28 36 22 32 17 44 20 35 16 
45 30 38 32 34 16 15 16 40 27 29 35 46 31 16 17 22 45 37 17 39 44 27 30 35 27 45 42 38 29 
39 22 38 35 35 32 29 38 37 30 38 23 42 21 45 37 29 31 30 20 25 19 37 46 41 23 31 34 17 46 
18 39 30 35 29 19 38 41 27 24 42 27 28 23 41 16 21 31 19 22 44 27 27 18 35 20 35 38 38 42 
36 18 42 35 39 33 34 30 39 46 29 29 28 40 39 36 36 43 43 33 17 37 42 27 43 40 31 39 25 17 
27 19 32 29 16 26 38 17 35 36 34 30 45 37 42 37 38 39 16 43 23 36 17 32 46 35 37 31 26 23 
22 31 17 39 16 18 22 19 46 47 36 45 34 21 39 34 35 38 18 45 20 29 28 30 45 24 40 33 30 45 
16 28 30 35 21 23 44 17 22 23 27 36 30 37 21 40 42 27 35 38 24 43 25 20 40 26 45 35 25 24 
19 35 28 26 22 36 30 42 25 16 45 39 19 30 47 33 39 45 39 36 46 45 30 18 27 46 33 33 20 39 
45 20 17 24 34 17 42 22 36 46 20 17 32 16 41 44 38 16 39 20 42 40 19 27 45 35 46 37 32 38 
32 40 37 19 20 36 35 22 42 22 29 27 37 43 41 46 45 43 31 45 21 28 22 45 47 18 37 18 29 34 
45 26 45 43 33 38 36 30 21 46 34 46 42 40 25 42 45 23 38 47 36 32 17 32 29 41 38 25 27 43 
29 31 45 41 27 22 24 45 28 41 39 25 32 38 35 44 36 45 20 41 47 32 23 35 30 28 16 31 22 22 
23 39 35 42 17 34 40 24 20 39 29 31 45 28 37 23 15 30 41 24 19 34 31 21 38 16 34 41 33 31 
28 27 38 29 33 22 43 29 40 34 25 29 35 44 18 29 20 38 37 29 17 25 22 37 21 30 30 20 17 46 
41 20 28 21 43 38 41 16 22 24 39 32 19 37 42 17 16 30 19 17 17 47 32 20 21 32 22 20 22 20 
36 20 22 18 47 41 26 38 35 30 22 45 21 28 42 22 17 37 23 39 16 20 40 18 26 18 16 29 36 44 
46 42 21 34 35 22 35 18 28 24 26 37 17 29 28 42 31 36 43 47 19 20 46 34 27 35 44 32 21 28 
44 30 43 27 34 32 21 40 21 43 27 42 34 25 33 24 22 26 22 33 27 22 37 40 26 35 26 16 32 46 
45 20 17 37 42 38 26 39 35 35 31 36 23 25 25 16 24 19 20 24 30 35 17 38 21 20 38 27 25 35 
22 24 45 24 36 17 36 40 46 17 35 41 39 20 30 28 23 36 41 39 40 40 44 28 18 24 30 20 18 17 
36 34 35 30 25 47 36 32 22 30 19 24 36 34 25 34 19 19 37 23 24 21 24 24 20 17 41 33 17 39 
21 43 17 20 34 26 34 39 38 28 22 18 33 26 39 24 39 43 25 31 26 33 47 17 27 17 17 25 31 44 
43 34 23 42 34 43 32 33 23 25 34 34 41 23 34 39 45 38 20 19 37 32 32 44 38 27 23 16 20 45 
28 24 17 43 41 44 17 26 25 21 24 16 41 20 38 31 37 17 31 44 34 31 29 33 38 41 37 22 19 46 
22 22 45 35 16 41 16 30 22 46 27 44 20 27 42 43 34 39 28 44 40 40 16 23 24 34 18 32 25 18 
37 42 25 39 22 25 41 41 44 45 41 18 44 23 42 38 19 30 29 33 26 19 20 25 23 16 42 23 33 22 
42 24 16 23 43 31 44 45 35 28 16 39 28 31 34 24 27 27 35 32 32 45 41 18 21 39 21 25 28 34 
46 41 30 27 36 33 24 21 46 25 39 21 33 31 33 45 24 24 26 40 33 26 27 21 23 26 17 29 29 27 
34 29 30 45 29 28 46 40 26 40 23 38 33 42 23 26 32 45 19 17 45 22 26 26 20 18 18 33 28 31 
17 22 34 44 24 19 40 40 39 17 25 24 37 31 42 44 47 37 42 16 42 43 45 27 42 21 16 28 18 36 
21 45 36 43 31 17 33 20 47 40 16 21 18 42 25 37 31 22 28 19 23 20 29 32 22 34 42 17 21 33 
29 17 42 46 34 46 44 45 40 43 46 24 24 31 37 18 16 18 22 17 38 31 20 17 41 37 26 43 38 17 
42 30 36 32 43 37 32 33 40 45 42 21 28 29 34 17 39 35 17 36 36 23 15 32 44 31 45 28 31 38 
32 44 28 42 23 46 31 42 24 18 35 18 19 15 22 19 30 42 34 42 25 38 40 39 33 24 37 18 22 46 
33 36 19 19 19 34 16 32 31 45 40 38 39 44 19 16 29 19 30 33 30 47 23 18 29 23 32 19 28 39 
43 18 36 28 34 45 46 28 25 16 36 34 28 44 45 30 43 23 19 43 31 24 38 33 41 39 17 20 43 16 
777 739 749 574 811 786 752 753 784 714 771 690 803 775 810 808 812 759 807 627 783 777 771 565 746 791 598 782 765 806 
60 18 82 95 37 75 63 30 90 38 70 66 68 30 65 30 66 78 30 64 9 2 47 19 47 22 49 81 5 51 
8 53 99 10 0 39 72 6 83 97 26 42 12 15 95 30 70 50 38 81 83 87 61 38 97 87 22 87 6 23 
