3
9
145 136 97 
101 51 137 
62 135 119 
77 109 69 
56 53 96 
54 78 107 
85 89 87 
57 109 117 
147 109 97 
0 21 30 30 29 29 21 25 22 
16 0 21 23 28 26 28 31 20 
20 23 0 19 23 17 29 26 20 
21 18 26 0 22 21 18 23 18 
18 31 17 29 0 17 26 24 23 
17 24 21 25 26 0 19 24 21 
16 23 27 24 29 21 0 20 28 
19 30 30 23 22 29 23 0 28 
19 24 28 22 17 18 29 16 0 
0 16 18 20 26 30 21 30 19 
21 0 16 26 31 28 24 23 21 
22 27 0 25 24 16 21 16 25 
25 25 19 0 21 15 22 19 28 
31 25 22 25 0 19 23 30 23 
26 26 27 22 17 0 21 27 28 
25 20 21 28 28 31 0 23 18 
28 17 29 23 18 29 19 0 31 
20 19 30 19 17 16 30 23 0 
0 26 30 21 31 17 28 23 16 
26 0 18 20 26 17 22 20 16 
31 17 0 17 16 26 18 20 23 
28 22 18 0 21 24 22 28 26 
20 24 21 26 0 21 28 27 30 
16 25 16 24 17 0 18 20 30 
25 25 24 28 20 18 0 30 20 
19 18 25 25 24 27 23 0 20 
25 20 22 22 24 25 25 17 0 
214 275 269 255 295 285 285 296 277 
57 75 89 21 68 13 16 16 93 
94 40 31 17 72 80 12 61 36 
