nMachines = 3;
nJobs = 20;
p = [
[0,0,0]
[112, 129, 82]
[117, 137, 133]
[121, 65, 63]
[146, 108, 67]
[66, 82, 68]
[87, 149, 116]
[94, 52, 79]
[74, 104, 50]
[71, 123, 64]
[70, 128, 123]
[74, 146, 141]
[145, 52, 70]
[72, 107, 57]
[92, 86, 75]
[78, 120, 149]
[106, 135, 61]
[113, 126, 87]
[140, 140, 87]
[78, 50, 124]
[134, 148, 113]
];
s = [
[
[0,0,0]
[0,0,0]
[0,0,0]
[0,0,0]
[0,0,0]
[0,0,0]
[0,0,0]
[0,0,0]
[0,0,0]
[0,0,0]
[0,0,0]
[0,0,0]
[0,0,0]
[0,0,0]
[0,0,0]
[0,0,0]
[0,0,0]
[0,0,0]
[0,0,0]
[0,0,0]
[0,0,0]
]
[
[0,0,0]
[18,44,45]
[29,36,41]
[29,43,20]
[18,42,49]
[46,47,29]
[19,38,25]
[17,20,22]
[22,37,45]
[22,19,29]
[39,43,41]
[40,40,20]
[21,38,48]
[22,21,47]
[19,17,18]
[41,20,49]
[41,21,17]
[45,17,43]
[46,35,28]
[45,30,24]
[29,35,22]
]
[
[0,0,0]
[28,32,19]
[17,40,40]
[25,37,24]
[21,18,25]
[31,29,38]
[26,46,38]
[48,43,22]
[21,29,49]
[38,22,42]
[29,33,42]
[31,39,44]
[17,25,47]
[22,38,49]
[47,46,47]
[22,37,23]
[25,25,35]
[28,20,30]
[44,24,40]
[35,22,27]
[45,40,17]
]
[
[0,0,0]
[39,35,49]
[34,33,38]
[20,48,45]
[19,48,31]
[18,32,26]
[23,32,17]
[28,39,48]
[47,46,39]
[47,48,21]
[38,21,21]
[20,21,29]
[33,22,33]
[48,24,37]
[40,28,39]
[34,40,23]
[42,32,40]
[35,38,45]
[40,37,42]
[43,21,48]
[32,37,33]
]
[
[0,0,0]
[37,23,46]
[40,31,21]
[17,39,21]
[47,18,23]
[46,39,24]
[33,27,48]
[46,34,46]
[42,24,26]
[25,20,35]
[17,29,45]
[40,39,31]
[26,37,30]
[23,31,21]
[23,16,31]
[28,21,41]
[43,18,23]
[19,37,22]
[31,46,18]
[26,24,44]
[36,47,47]
]
[
[0,0,0]
[38,29,27]
[39,41,20]
[18,32,39]
[46,16,29]
[23,40,27]
[27,26,36]
[28,27,33]
[26,19,27]
[32,29,43]
[27,37,48]
[36,41,32]
[36,34,17]
[30,46,46]
[25,47,45]
[32,46,27]
[25,47,26]
[23,49,43]
[41,22,36]
[21,23,31]
[21,21,41]
]
[
[0,0,0]
[16,34,37]
[42,39,46]
[35,45,33]
[35,27,37]
[33,20,20]
[44,20,24]
[25,37,38]
[21,24,28]
[31,40,25]
[24,18,30]
[42,46,22]
[38,44,25]
[35,35,39]
[42,26,42]
[23,39,33]
[26,31,21]
[37,19,25]
[22,31,38]
[45,32,23]
[29,47,25]
]
[
[0,0,0]
[46,26,38]
[47,25,32]
[47,34,37]
[20,41,30]
[19,19,19]
[23,30,35]
[48,34,46]
[26,33,31]
[44,27,18]
[41,48,45]
[17,30,24]
[46,25,27]
[18,30,44]
[25,43,26]
[25,29,39]
[20,32,21]
[23,23,26]
[17,43,22]
[32,24,48]
[31,37,16]
]
[
[0,0,0]
[44,27,23]
[44,19,48]
[46,18,38]
[37,33,21]
[19,40,49]
[34,20,38]
[26,18,29]
[23,23,19]
[23,28,26]
[46,42,45]
[33,39,48]
[47,23,43]
[25,30,19]
[24,23,21]
[21,46,16]
[34,32,17]
[27,18,46]
[44,43,47]
[40,32,19]
[23,35,26]
]
[
[0,0,0]
[22,18,32]
[18,46,39]
[23,18,22]
[24,37,29]
[20,36,21]
[26,29,41]
[47,23,34]
[32,24,40]
[29,28,22]
[18,35,41]
[49,45,29]
[29,46,29]
[20,26,34]
[40,38,45]
[40,39,35]
[30,47,16]
[40,49,38]
[46,29,44]
[29,42,22]
[40,24,30]
]
[
[0,0,0]
[32,41,40]
[25,20,46]
[38,19,49]
[43,22,27]
[37,45,42]
[27,43,18]
[49,28,40]
[22,41,49]
[26,40,17]
[25,31,36]
[37,37,24]
[23,24,22]
[32,34,24]
[24,26,23]
[48,36,47]
[16,25,32]
[34,20,18]
[29,49,27]
[25,36,19]
[25,35,28]
]
[
[0,0,0]
[20,44,19]
[22,44,33]
[40,22,49]
[47,37,18]
[32,46,44]
[45,45,20]
[49,44,35]
[33,36,38]
[18,17,24]
[29,40,36]
[18,35,34]
[43,20,44]
[25,30,46]
[23,25,31]
[42,32,30]
[24,34,46]
[22,39,45]
[20,45,24]
[31,35,32]
[26,33,34]
]
[
[0,0,0]
[40,42,39]
[35,27,36]
[41,43,43]
[38,22,33]
[25,35,41]
[27,28,47]
[34,28,39]
[19,30,41]
[17,22,29]
[39,28,40]
[18,33,24]
[33,32,16]
[34,43,34]
[28,47,49]
[41,47,24]
[42,37,37]
[36,20,31]
[43,37,39]
[43,43,40]
[26,44,45]
]
[
[0,0,0]
[34,32,23]
[17,18,36]
[49,23,45]
[37,32,17]
[29,26,33]
[19,34,42]
[41,42,44]
[17,44,44]
[34,21,45]
[21,31,42]
[44,37,48]
[39,31,41]
[26,23,27]
[18,30,46]
[21,39,31]
[35,28,38]
[43,21,35]
[42,16,38]
[17,33,17]
[44,25,45]
]
[
[0,0,0]
[33,18,37]
[36,49,21]
[30,17,32]
[25,43,28]
[20,34,40]
[25,49,47]
[25,18,36]
[46,44,31]
[17,29,46]
[17,25,32]
[36,48,37]
[38,39,23]
[21,48,49]
[23,42,45]
[43,32,23]
[20,41,34]
[39,28,37]
[22,28,30]
[28,41,23]
[26,30,38]
]
[
[0,0,0]
[17,22,38]
[39,21,20]
[21,29,27]
[22,36,35]
[24,16,30]
[46,35,25]
[22,49,32]
[31,44,39]
[23,35,33]
[33,28,44]
[17,17,49]
[40,42,47]
[28,33,23]
[24,46,49]
[34,28,44]
[25,22,43]
[47,16,49]
[29,30,37]
[22,34,24]
[26,49,41]
]
[
[0,0,0]
[20,25,21]
[46,27,21]
[29,27,20]
[45,41,23]
[28,23,22]
[18,18,35]
[48,26,35]
[47,25,18]
[30,16,32]
[32,18,23]
[22,16,40]
[31,29,24]
[24,18,16]
[18,33,37]
[39,24,24]
[41,34,45]
[21,23,39]
[17,29,28]
[39,21,26]
[20,43,45]
]
[
[0,0,0]
[31,34,20]
[30,20,30]
[49,46,39]
[36,47,39]
[43,22,23]
[32,37,19]
[37,40,21]
[17,49,43]
[31,41,17]
[31,27,39]
[44,17,48]
[22,17,47]
[42,41,39]
[28,41,29]
[24,18,43]
[36,30,38]
[30,29,21]
[43,32,33]
[21,21,32]
[33,29,37]
]
[
[0,0,0]
[39,39,18]
[41,23,36]
[36,17,25]
[24,46,24]
[44,27,41]
[21,37,29]
[43,22,40]
[37,38,47]
[22,17,26]
[20,29,49]
[40,44,34]
[48,18,48]
[40,46,24]
[44,24,29]
[31,43,42]
[40,47,23]
[36,37,29]
[17,34,22]
[19,43,26]
[23,16,29]
]
[
[0,0,0]
[36,47,49]
[22,27,48]
[47,16,31]
[23,32,21]
[49,32,18]
[29,18,28]
[23,32,25]
[30,32,22]
[17,44,39]
[38,48,25]
[43,43,40]
[37,22,29]
[27,47,26]
[39,45,23]
[22,41,17]
[25,38,42]
[38,19,22]
[21,24,23]
[19,44,40]
[43,43,25]
]
[
[0,0,0]
[27,31,35]
[47,35,42]
[30,24,48]
[34,32,48]
[24,22,48]
[32,17,23]
[45,42,31]
[28,49,29]
[45,20,21]
[44,26,31]
[48,22,19]
[16,46,47]
[41,39,47]
[19,40,36]
[43,24,41]
[19,20,22]
[48,31,35]
[26,20,28]
[17,18,19]
[24,40,23]
]
];
d = [0,403,502,506,390,484,502,481,488,527,492,408,391,513,500,525,528,524,465,527,515];
tP=[0,93,49,80,19,47,68,13,27,52,89,1,93,8,15,79,85,98,64,15,14];
eP=[0,43,74,32,75,63,94,4,35,68,2,95,94,28,47,46,12,45,84,18,5];
