nMachines = 3;
nJobs = 20;
p = [
[0,0,0]
[114, 142, 85]
[79, 79, 90]
[51, 89, 58]
[136, 82, 135]
[69, 126, 99]
[67, 76, 122]
[61, 120, 74]
[133, 135, 95]
[142, 91, 100]
[93, 138, 67]
[125, 98, 91]
[99, 114, 143]
[101, 50, 86]
[101, 65, 82]
[144, 99, 84]
[62, 140, 104]
[79, 112, 69]
[80, 149, 93]
[57, 111, 102]
[58, 115, 144]
];
s = [
[
[0,0,0]
[0,0,0]
[0,0,0]
[0,0,0]
[0,0,0]
[0,0,0]
[0,0,0]
[0,0,0]
[0,0,0]
[0,0,0]
[0,0,0]
[0,0,0]
[0,0,0]
[0,0,0]
[0,0,0]
[0,0,0]
[0,0,0]
[0,0,0]
[0,0,0]
[0,0,0]
[0,0,0]
]
[
[0,0,0]
[19,26,23]
[46,38,22]
[23,33,33]
[38,33,42]
[28,40,25]
[37,41,26]
[25,36,24]
[27,18,28]
[38,35,34]
[43,28,35]
[24,25,46]
[22,35,37]
[35,45,34]
[29,41,21]
[36,38,30]
[29,47,28]
[34,41,42]
[19,31,27]
[32,28,22]
[46,19,37]
]
[
[0,0,0]
[39,44,49]
[28,19,33]
[34,47,21]
[22,26,44]
[18,30,17]
[29,29,48]
[30,22,41]
[30,33,36]
[47,29,36]
[20,36,35]
[27,30,17]
[43,24,42]
[29,39,24]
[37,45,33]
[27,37,44]
[21,41,45]
[20,17,38]
[42,42,46]
[17,37,28]
[24,21,25]
]
[
[0,0,0]
[39,46,49]
[34,43,40]
[36,34,33]
[22,44,43]
[32,41,48]
[47,43,22]
[38,39,17]
[30,19,44]
[47,46,21]
[30,23,29]
[37,23,38]
[20,39,47]
[28,40,23]
[39,30,44]
[39,40,41]
[41,29,34]
[23,39,35]
[38,44,29]
[41,34,38]
[28,27,47]
]
[
[0,0,0]
[45,17,40]
[47,21,23]
[34,43,38]
[25,18,41]
[20,23,47]
[42,44,28]
[49,45,37]
[29,38,31]
[21,24,24]
[37,32,29]
[20,21,48]
[34,21,22]
[38,34,17]
[47,45,47]
[35,35,18]
[47,32,30]
[36,30,18]
[27,27,37]
[48,22,24]
[35,25,17]
]
[
[0,0,0]
[41,32,31]
[25,38,36]
[37,46,18]
[48,39,27]
[44,39,24]
[48,42,46]
[25,49,46]
[24,42,17]
[26,47,35]
[48,44,28]
[34,44,21]
[27,26,29]
[43,26,30]
[29,35,19]
[37,39,40]
[43,16,39]
[22,46,45]
[40,37,19]
[32,46,45]
[32,34,22]
]
[
[0,0,0]
[23,19,20]
[30,18,48]
[18,26,20]
[42,21,27]
[47,30,26]
[26,35,35]
[37,38,34]
[24,35,32]
[25,16,28]
[42,24,16]
[35,43,48]
[43,28,28]
[20,35,26]
[43,21,38]
[18,29,29]
[43,33,32]
[48,26,25]
[29,40,23]
[25,36,28]
[46,19,47]
]
[
[0,0,0]
[45,29,24]
[36,42,37]
[36,25,31]
[39,22,37]
[38,29,24]
[20,48,21]
[27,35,45]
[44,43,31]
[17,33,17]
[28,39,24]
[17,28,22]
[30,43,48]
[37,16,48]
[45,41,33]
[21,32,16]
[24,46,39]
[28,36,37]
[34,48,47]
[24,28,43]
[29,21,26]
]
[
[0,0,0]
[44,23,27]
[19,23,42]
[22,25,19]
[32,44,22]
[40,16,46]
[40,17,39]
[25,36,31]
[28,41,18]
[46,37,37]
[17,39,22]
[28,30,41]
[47,28,48]
[40,24,16]
[36,43,18]
[43,27,43]
[31,28,49]
[42,42,23]
[39,19,42]
[47,16,45]
[42,22,37]
]
[
[0,0,0]
[27,25,34]
[24,18,20]
[16,25,23]
[28,23,27]
[29,24,17]
[21,39,29]
[38,28,19]
[25,28,34]
[24,34,38]
[27,38,34]
[38,20,34]
[33,34,21]
[21,21,20]
[24,35,36]
[39,46,24]
[42,30,35]
[39,29,18]
[34,47,42]
[40,44,21]
[25,41,19]
]
[
[0,0,0]
[21,32,29]
[38,48,31]
[46,34,17]
[41,34,33]
[23,19,18]
[43,30,19]
[19,43,38]
[45,30,22]
[39,48,43]
[27,27,20]
[20,29,31]
[38,23,31]
[47,45,21]
[16,48,26]
[28,35,34]
[20,32,21]
[22,25,40]
[31,48,40]
[43,24,39]
[44,26,29]
]
[
[0,0,0]
[19,38,31]
[30,30,49]
[19,37,32]
[28,26,19]
[27,20,34]
[31,30,29]
[47,40,40]
[25,39,19]
[37,22,32]
[22,37,39]
[36,29,26]
[40,23,22]
[46,42,41]
[45,16,17]
[22,38,19]
[42,33,36]
[46,39,30]
[40,16,38]
[35,20,48]
[18,17,22]
]
[
[0,0,0]
[47,27,20]
[16,16,25]
[39,16,30]
[45,34,35]
[17,46,30]
[17,35,35]
[27,48,31]
[16,29,45]
[44,23,24]
[31,44,42]
[30,39,38]
[29,26,46]
[25,27,37]
[38,43,41]
[35,22,16]
[46,17,22]
[44,44,32]
[30,45,44]
[42,28,17]
[44,26,46]
]
[
[0,0,0]
[44,22,25]
[37,40,17]
[32,35,46]
[31,29,30]
[41,29,46]
[25,36,43]
[19,45,29]
[30,46,21]
[28,17,42]
[21,45,23]
[42,39,44]
[48,17,35]
[23,38,20]
[48,42,48]
[44,26,22]
[20,27,37]
[30,28,34]
[26,18,17]
[29,46,19]
[44,40,40]
]
[
[0,0,0]
[26,42,35]
[38,31,38]
[32,28,25]
[43,47,26]
[47,45,32]
[39,31,37]
[46,18,40]
[37,37,36]
[41,40,23]
[43,43,24]
[28,38,20]
[44,18,28]
[16,22,45]
[23,46,26]
[32,43,26]
[41,28,17]
[26,48,22]
[19,43,35]
[17,39,29]
[25,36,28]
]
[
[0,0,0]
[30,28,21]
[29,34,18]
[35,43,33]
[38,42,48]
[41,31,29]
[25,32,31]
[34,31,25]
[40,38,31]
[32,26,20]
[35,40,36]
[29,48,19]
[26,47,23]
[23,30,40]
[17,31,23]
[24,18,35]
[46,25,47]
[26,47,30]
[24,26,47]
[19,39,38]
[44,45,33]
]
[
[0,0,0]
[21,34,26]
[47,40,27]
[34,26,28]
[31,30,27]
[41,45,47]
[32,28,39]
[36,24,39]
[48,31,41]
[28,22,27]
[17,42,44]
[47,19,35]
[28,23,31]
[27,45,22]
[34,19,19]
[37,35,27]
[42,44,39]
[16,43,49]
[35,48,37]
[19,18,30]
[20,22,17]
]
[
[0,0,0]
[44,17,31]
[42,41,36]
[19,29,18]
[29,34,48]
[28,30,19]
[48,24,25]
[29,20,40]
[43,31,20]
[20,20,47]
[38,25,29]
[29,40,30]
[22,17,41]
[17,31,37]
[46,42,40]
[46,37,34]
[27,31,28]
[17,18,40]
[20,27,38]
[22,22,19]
[24,23,19]
]
[
[0,0,0]
[27,23,18]
[25,45,26]
[36,20,24]
[23,48,35]
[34,28,24]
[18,46,28]
[47,21,23]
[24,40,44]
[33,29,36]
[28,35,29]
[22,24,33]
[37,17,30]
[39,31,48]
[40,40,38]
[40,46,36]
[24,25,41]
[20,41,22]
[31,18,48]
[32,17,44]
[47,42,21]
]
[
[0,0,0]
[31,46,26]
[34,16,19]
[41,23,37]
[36,43,47]
[25,48,36]
[38,23,24]
[35,45,19]
[31,38,36]
[20,16,38]
[31,20,16]
[44,25,26]
[24,25,22]
[37,29,16]
[40,23,26]
[25,38,24]
[30,40,16]
[31,22,31]
[38,38,31]
[48,24,24]
[25,48,32]
]
[
[0,0,0]
[16,39,16]
[26,29,23]
[17,47,21]
[31,44,17]
[19,31,40]
[43,46,43]
[17,42,35]
[23,19,42]
[17,39,38]
[36,41,36]
[40,23,45]
[16,43,38]
[37,38,17]
[39,16,36]
[19,31,42]
[28,42,47]
[43,30,37]
[39,48,40]
[35,33,37]
[26,25,28]
]
];
d = [0,372,406,509,429,427,480,476,374,475,485,492,485,413,395,477,505,508,524,517,504];
tP=[0,90,37,52,40,2,45,92,69,26,69,74,3,24,61,44,5,32,3,39,35];
eP=[0,77,33,41,90,6,11,35,83,63,2,18,30,59,51,98,14,20,99,72,18];
