nMachines = 3;
nJobs = 20;
p = [
[0,0,0]
[84, 103, 52]
[91, 55, 142]
[111, 78, 127]
[73, 117, 124]
[85, 146, 107]
[129, 79, 113]
[85, 137, 119]
[120, 147, 54]
[66, 70, 124]
[88, 133, 104]
[113, 104, 53]
[73, 90, 87]
[112, 137, 112]
[105, 90, 129]
[135, 125, 142]
[82, 104, 128]
[106, 106, 56]
[98, 140, 78]
[88, 107, 119]
[100, 53, 136]
];
s = [
[
[0,0,0]
[0,0,0]
[0,0,0]
[0,0,0]
[0,0,0]
[0,0,0]
[0,0,0]
[0,0,0]
[0,0,0]
[0,0,0]
[0,0,0]
[0,0,0]
[0,0,0]
[0,0,0]
[0,0,0]
[0,0,0]
[0,0,0]
[0,0,0]
[0,0,0]
[0,0,0]
[0,0,0]
]
[
[0,0,0]
[48,27,33]
[47,18,34]
[46,50,35]
[17,29,32]
[41,43,19]
[24,30,31]
[20,48,29]
[24,44,18]
[49,48,34]
[51,38,47]
[27,49,25]
[18,25,46]
[43,42,38]
[36,25,32]
[35,45,48]
[36,31,26]
[22,48,46]
[26,32,41]
[50,46,47]
[36,26,20]
]
[
[0,0,0]
[43,25,39]
[24,24,34]
[17,19,18]
[46,50,38]
[28,38,42]
[31,46,21]
[49,32,40]
[47,34,21]
[31,39,18]
[34,20,47]
[45,47,30]
[49,37,36]
[40,38,36]
[37,19,23]
[22,34,30]
[19,40,42]
[29,50,31]
[29,19,38]
[43,41,25]
[23,23,43]
]
[
[0,0,0]
[25,30,36]
[31,17,49]
[47,43,50]
[19,43,47]
[30,20,36]
[49,32,33]
[27,19,43]
[44,27,45]
[24,19,43]
[17,32,47]
[43,30,21]
[51,30,22]
[32,17,25]
[48,36,19]
[46,44,39]
[42,50,23]
[32,41,38]
[48,43,21]
[23,38,37]
[23,34,36]
]
[
[0,0,0]
[50,20,33]
[40,45,43]
[31,37,49]
[28,45,45]
[19,39,51]
[21,48,45]
[48,31,33]
[32,20,31]
[27,41,45]
[19,23,20]
[44,23,48]
[22,38,32]
[18,20,40]
[31,49,42]
[24,31,24]
[47,49,35]
[51,23,23]
[31,48,32]
[24,23,28]
[31,41,33]
]
[
[0,0,0]
[24,33,35]
[21,30,29]
[19,43,23]
[19,32,37]
[22,30,46]
[36,43,47]
[30,17,28]
[17,37,19]
[47,29,43]
[32,51,42]
[21,38,36]
[31,25,28]
[50,40,26]
[23,27,24]
[17,48,42]
[18,33,43]
[23,35,26]
[36,32,43]
[18,47,30]
[28,25,31]
]
[
[0,0,0]
[40,22,41]
[20,24,18]
[24,33,45]
[33,49,35]
[43,34,45]
[43,42,47]
[27,50,42]
[18,50,37]
[44,20,23]
[48,27,22]
[42,27,34]
[27,17,39]
[35,22,34]
[27,48,23]
[25,47,29]
[31,36,48]
[30,28,29]
[48,51,30]
[40,18,36]
[22,37,29]
]
[
[0,0,0]
[36,49,42]
[18,47,42]
[43,44,32]
[23,42,42]
[24,42,28]
[24,23,26]
[51,36,40]
[27,18,48]
[21,28,20]
[48,39,19]
[24,28,21]
[32,43,18]
[46,19,48]
[25,50,39]
[28,23,43]
[45,19,28]
[37,26,18]
[33,23,40]
[40,32,23]
[22,50,29]
]
[
[0,0,0]
[38,26,19]
[33,38,21]
[36,18,35]
[47,20,33]
[21,42,48]
[35,47,42]
[36,20,40]
[20,30,18]
[42,27,19]
[47,41,27]
[39,27,50]
[38,49,44]
[38,34,42]
[35,24,25]
[46,41,38]
[37,44,19]
[38,34,50]
[25,27,20]
[47,39,51]
[22,36,48]
]
[
[0,0,0]
[40,38,28]
[49,46,39]
[46,38,24]
[46,21,17]
[41,21,27]
[39,32,18]
[26,25,43]
[42,38,48]
[50,41,18]
[49,41,30]
[32,23,45]
[41,36,35]
[28,24,51]
[41,49,30]
[43,44,33]
[45,27,38]
[31,23,19]
[23,41,46]
[27,30,49]
[29,39,26]
]
[
[0,0,0]
[21,33,21]
[20,30,41]
[39,21,17]
[42,50,19]
[44,26,22]
[40,39,19]
[30,47,41]
[17,43,38]
[47,20,49]
[42,32,47]
[29,17,39]
[28,31,40]
[32,47,25]
[33,19,45]
[20,49,47]
[40,33,35]
[42,24,17]
[43,38,50]
[49,41,21]
[35,22,27]
]
[
[0,0,0]
[50,30,49]
[23,45,45]
[22,39,29]
[49,21,39]
[48,39,46]
[42,28,38]
[20,24,39]
[49,31,43]
[32,26,37]
[32,41,40]
[41,38,24]
[36,36,34]
[20,31,24]
[50,35,20]
[36,48,27]
[40,32,46]
[27,32,40]
[39,24,33]
[27,41,33]
[19,47,21]
]
[
[0,0,0]
[32,35,39]
[23,33,20]
[49,45,22]
[28,38,40]
[17,44,18]
[47,39,50]
[49,30,40]
[31,21,40]
[43,24,31]
[24,37,34]
[47,19,38]
[35,26,44]
[28,24,34]
[31,43,21]
[29,28,49]
[19,19,26]
[31,36,41]
[21,19,31]
[41,18,43]
[33,20,46]
]
[
[0,0,0]
[26,51,25]
[43,46,32]
[36,18,33]
[36,20,46]
[37,44,31]
[43,49,44]
[42,27,18]
[41,17,36]
[38,29,29]
[40,20,18]
[31,30,22]
[23,36,23]
[43,22,39]
[22,42,49]
[37,34,36]
[43,32,36]
[36,46,40]
[43,18,39]
[18,35,24]
[22,46,51]
]
[
[0,0,0]
[38,46,23]
[22,17,23]
[43,36,27]
[30,26,42]
[30,36,26]
[48,31,46]
[51,51,41]
[42,31,44]
[27,42,27]
[31,21,17]
[49,48,45]
[36,33,17]
[37,29,39]
[49,49,35]
[42,18,32]
[22,37,29]
[48,32,32]
[48,25,37]
[41,45,42]
[45,44,49]
]
[
[0,0,0]
[44,44,24]
[51,40,47]
[42,28,44]
[48,28,26]
[46,24,31]
[51,35,19]
[46,47,42]
[17,46,20]
[35,27,43]
[20,17,42]
[25,32,22]
[26,44,31]
[25,48,33]
[46,42,19]
[43,50,19]
[46,47,32]
[34,41,28]
[49,36,27]
[33,23,21]
[40,34,31]
]
[
[0,0,0]
[25,37,51]
[36,47,48]
[34,46,37]
[18,18,29]
[38,29,35]
[21,36,49]
[20,26,46]
[44,39,48]
[41,39,20]
[46,43,42]
[38,42,51]
[33,32,27]
[46,35,43]
[19,49,17]
[46,45,21]
[49,33,37]
[47,41,25]
[26,17,32]
[50,32,43]
[51,43,21]
]
[
[0,0,0]
[42,26,18]
[27,51,50]
[43,39,38]
[28,29,33]
[50,38,34]
[28,40,34]
[37,33,45]
[36,30,24]
[35,37,49]
[23,24,50]
[34,46,18]
[42,26,28]
[43,18,47]
[45,19,25]
[46,37,24]
[24,38,27]
[28,29,20]
[23,45,45]
[43,46,44]
[40,28,39]
]
[
[0,0,0]
[37,43,44]
[43,28,48]
[31,51,47]
[38,19,40]
[34,23,23]
[48,49,22]
[41,46,29]
[17,36,38]
[27,35,36]
[49,26,44]
[33,22,45]
[28,20,18]
[36,23,37]
[44,39,39]
[31,42,38]
[26,36,34]
[19,28,32]
[31,17,42]
[30,49,48]
[31,43,49]
]
[
[0,0,0]
[42,44,47]
[24,31,31]
[41,31,41]
[50,30,19]
[34,43,21]
[46,49,44]
[44,32,21]
[29,46,19]
[39,34,41]
[28,51,32]
[31,49,30]
[50,34,30]
[42,47,39]
[44,45,46]
[45,39,27]
[18,50,30]
[21,25,26]
[48,38,36]
[33,18,36]
[29,37,32]
]
[
[0,0,0]
[50,46,29]
[32,40,43]
[48,21,20]
[41,29,25]
[33,28,47]
[46,47,42]
[22,48,44]
[37,33,32]
[36,32,31]
[23,37,18]
[20,25,32]
[40,29,38]
[49,39,34]
[30,19,31]
[49,50,20]
[23,48,27]
[31,44,33]
[19,47,45]
[28,23,22]
[50,43,28]
]
];
d = [0,506,514,535,543,400,473,542,398,546,530,539,420,498,539,476,511,497,511,516,536];
tP=[0,73,34,0,5,2,39,9,41,18,37,52,99,42,49,6,59,52,50,40,58];
eP=[0,60,65,97,83,80,6,21,62,4,10,2,99,91,91,78,43,72,49,89,74];
