nMachines = 3;
nJobs = 20;
p = [
[0,0,0]
[135, 94, 84]
[61, 81, 80]
[95, 65, 101]
[84, 101, 58]
[75, 105, 74]
[121, 128, 125]
[100, 123, 76]
[73, 123, 122]
[117, 79, 143]
[116, 132, 94]
[111, 135, 115]
[81, 60, 56]
[88, 136, 127]
[122, 87, 59]
[144, 124, 92]
[148, 59, 55]
[76, 101, 59]
[93, 52, 122]
[141, 143, 140]
[149, 116, 59]
];
s = [
[
[0,0,0]
[0,0,0]
[0,0,0]
[0,0,0]
[0,0,0]
[0,0,0]
[0,0,0]
[0,0,0]
[0,0,0]
[0,0,0]
[0,0,0]
[0,0,0]
[0,0,0]
[0,0,0]
[0,0,0]
[0,0,0]
[0,0,0]
[0,0,0]
[0,0,0]
[0,0,0]
[0,0,0]
]
[
[0,0,0]
[40,18,42]
[21,27,30]
[20,45,40]
[25,42,37]
[26,43,46]
[38,37,34]
[17,45,36]
[21,22,28]
[31,36,45]
[34,41,22]
[22,32,23]
[32,40,35]
[20,17,49]
[28,41,41]
[40,29,38]
[28,48,23]
[26,43,34]
[35,36,37]
[26,30,38]
[46,31,36]
]
[
[0,0,0]
[26,18,36]
[47,24,49]
[33,31,18]
[32,47,25]
[26,35,43]
[20,22,18]
[46,19,32]
[20,47,42]
[22,34,40]
[47,17,47]
[39,36,43]
[18,47,40]
[39,19,41]
[26,20,38]
[22,28,22]
[48,46,28]
[27,17,44]
[24,25,35]
[37,44,29]
[47,18,41]
]
[
[0,0,0]
[42,21,39]
[16,30,39]
[35,37,30]
[37,26,34]
[31,46,25]
[29,22,44]
[45,16,50]
[18,29,31]
[23,22,44]
[19,16,37]
[41,28,42]
[32,22,36]
[29,44,50]
[42,20,28]
[20,47,41]
[19,39,48]
[28,38,30]
[42,21,22]
[33,40,31]
[25,17,36]
]
[
[0,0,0]
[36,32,27]
[38,23,39]
[42,21,32]
[47,23,31]
[48,33,44]
[30,20,20]
[31,48,17]
[25,41,20]
[44,46,16]
[47,24,41]
[49,33,18]
[47,33,44]
[31,31,30]
[18,24,27]
[25,31,43]
[49,24,20]
[42,20,17]
[36,31,35]
[44,30,36]
[23,48,39]
]
[
[0,0,0]
[37,19,24]
[43,43,27]
[36,38,17]
[17,43,43]
[34,36,25]
[16,48,21]
[31,20,45]
[36,43,22]
[28,40,22]
[35,39,38]
[34,26,42]
[41,37,20]
[36,31,33]
[22,35,20]
[33,36,47]
[23,22,21]
[41,45,16]
[32,44,28]
[34,33,35]
[20,40,19]
]
[
[0,0,0]
[18,19,27]
[19,24,41]
[35,19,31]
[21,17,19]
[43,41,21]
[42,35,30]
[44,24,22]
[44,39,23]
[48,22,33]
[38,29,21]
[47,42,34]
[30,47,20]
[40,41,35]
[26,40,39]
[26,28,42]
[28,46,40]
[22,30,26]
[38,21,18]
[39,42,29]
[21,38,49]
]
[
[0,0,0]
[44,27,42]
[44,45,37]
[25,36,27]
[22,36,26]
[22,23,49]
[49,18,31]
[20,48,45]
[38,31,41]
[29,45,19]
[45,22,28]
[23,41,43]
[27,43,40]
[38,39,43]
[46,31,27]
[41,31,25]
[22,31,47]
[42,35,25]
[30,38,20]
[17,49,25]
[45,28,24]
]
[
[0,0,0]
[38,17,33]
[22,20,37]
[35,20,23]
[49,20,35]
[20,47,39]
[17,47,39]
[47,38,40]
[40,36,44]
[17,40,49]
[25,42,45]
[26,44,42]
[31,29,30]
[48,24,26]
[34,40,35]
[48,46,39]
[37,47,43]
[48,40,48]
[20,21,31]
[38,41,44]
[21,28,33]
]
[
[0,0,0]
[33,37,47]
[31,37,47]
[22,39,30]
[32,39,21]
[49,38,48]
[39,17,22]
[24,38,47]
[21,44,45]
[30,23,27]
[31,45,36]
[46,36,45]
[28,35,34]
[28,21,37]
[20,42,37]
[21,23,25]
[48,22,42]
[47,21,21]
[34,26,40]
[19,49,47]
[41,17,20]
]
[
[0,0,0]
[33,48,18]
[35,27,19]
[34,45,41]
[48,24,16]
[22,28,23]
[32,36,42]
[17,29,32]
[46,50,37]
[48,21,21]
[49,41,34]
[44,23,38]
[19,27,28]
[21,47,18]
[40,36,18]
[34,41,37]
[32,27,45]
[38,33,43]
[46,19,38]
[33,35,21]
[25,24,28]
]
[
[0,0,0]
[43,43,17]
[45,22,40]
[20,28,29]
[35,48,18]
[25,35,31]
[42,26,28]
[18,18,19]
[42,24,21]
[22,22,33]
[39,45,26]
[36,38,45]
[21,47,41]
[27,21,40]
[22,42,20]
[17,48,19]
[33,24,35]
[23,36,32]
[40,37,19]
[33,35,22]
[20,30,39]
]
[
[0,0,0]
[16,27,30]
[22,25,45]
[27,34,45]
[50,36,47]
[23,47,22]
[26,48,37]
[19,37,32]
[49,38,31]
[24,20,38]
[48,40,29]
[36,41,17]
[28,28,36]
[50,31,33]
[39,37,38]
[30,34,44]
[30,24,27]
[43,32,21]
[38,43,49]
[18,18,22]
[40,37,43]
]
[
[0,0,0]
[30,40,31]
[25,36,40]
[36,31,41]
[27,28,17]
[28,18,17]
[43,38,42]
[43,38,42]
[46,48,21]
[17,24,19]
[20,35,35]
[37,24,17]
[32,40,18]
[16,23,27]
[42,44,41]
[22,36,26]
[25,22,34]
[26,46,29]
[37,46,31]
[26,46,25]
[30,32,40]
]
[
[0,0,0]
[24,47,34]
[33,28,31]
[23,35,28]
[41,33,37]
[28,34,46]
[39,30,18]
[36,31,39]
[28,23,31]
[20,45,31]
[46,46,21]
[48,48,24]
[17,21,34]
[34,31,40]
[45,23,24]
[20,44,24]
[30,49,38]
[45,30,18]
[39,42,40]
[26,29,33]
[18,45,29]
]
[
[0,0,0]
[33,35,36]
[30,42,46]
[47,32,20]
[24,42,20]
[41,42,21]
[37,46,28]
[36,39,21]
[26,18,32]
[36,32,22]
[48,17,28]
[17,34,33]
[46,42,21]
[33,27,38]
[48,33,25]
[47,42,20]
[33,17,41]
[21,36,22]
[33,45,22]
[29,32,26]
[35,17,42]
]
[
[0,0,0]
[45,31,32]
[42,27,43]
[25,37,19]
[20,19,35]
[44,25,34]
[48,32,31]
[34,48,27]
[32,25,23]
[44,29,43]
[20,42,28]
[44,42,26]
[23,31,48]
[48,35,19]
[24,32,38]
[24,48,48]
[21,47,22]
[43,20,19]
[21,18,38]
[43,38,26]
[41,38,38]
]
[
[0,0,0]
[23,47,21]
[34,39,41]
[22,40,39]
[43,24,29]
[35,23,19]
[22,32,37]
[40,47,26]
[38,36,21]
[23,19,21]
[44,50,34]
[48,41,33]
[30,42,26]
[28,47,28]
[35,49,24]
[34,31,21]
[45,18,49]
[35,40,24]
[21,40,43]
[32,31,28]
[48,23,46]
]
[
[0,0,0]
[39,30,42]
[26,21,20]
[26,36,27]
[30,20,25]
[20,48,29]
[31,28,47]
[28,33,19]
[43,48,25]
[42,38,39]
[22,19,36]
[28,25,35]
[24,32,30]
[36,42,36]
[18,35,26]
[38,19,38]
[21,45,22]
[36,17,47]
[34,37,43]
[44,33,46]
[48,22,43]
]
[
[0,0,0]
[21,37,41]
[49,19,36]
[26,34,28]
[17,25,42]
[45,32,33]
[33,20,29]
[33,40,47]
[30,41,42]
[27,41,18]
[47,32,30]
[49,42,35]
[33,19,32]
[49,22,30]
[35,38,34]
[16,42,22]
[27,43,37]
[24,35,33]
[17,24,27]
[34,48,19]
[37,41,20]
]
[
[0,0,0]
[42,45,35]
[22,23,34]
[36,41,35]
[48,18,32]
[25,39,33]
[29,33,47]
[40,21,18]
[35,16,27]
[24,44,33]
[20,35,22]
[41,48,21]
[40,45,36]
[35,29,38]
[40,33,43]
[21,31,21]
[26,18,42]
[23,26,41]
[22,38,30]
[41,27,45]
[23,46,20]
]
];
d = [0,496,509,388,404,362,509,528,507,532,390,528,447,478,490,425,515,502,464,502,501];
tP=[0,98,19,16,75,9,8,27,30,22,62,82,42,46,82,80,20,50,59,67,63];
eP=[0,53,93,97,27,51,62,66,32,29,19,60,89,30,74,24,56,19,77,2,14];
