nMachines = 3;
nJobs = 20;
p = [
[0,0,0]
[61, 94, 136]
[124, 70, 51]
[104, 50, 146]
[94, 107, 79]
[54, 130, 83]
[123, 101, 123]
[74, 71, 104]
[95, 69, 63]
[85, 123, 113]
[107, 67, 71]
[129, 52, 110]
[86, 137, 81]
[100, 76, 62]
[114, 82, 77]
[93, 94, 100]
[138, 73, 107]
[94, 86, 97]
[60, 122, 140]
[111, 99, 50]
[110, 132, 123]
];
s = [
[
[0,0,0]
[0,0,0]
[0,0,0]
[0,0,0]
[0,0,0]
[0,0,0]
[0,0,0]
[0,0,0]
[0,0,0]
[0,0,0]
[0,0,0]
[0,0,0]
[0,0,0]
[0,0,0]
[0,0,0]
[0,0,0]
[0,0,0]
[0,0,0]
[0,0,0]
[0,0,0]
[0,0,0]
]
[
[0,0,0]
[22,36,40]
[42,20,38]
[21,34,38]
[40,47,43]
[23,30,26]
[21,36,40]
[42,40,47]
[23,33,26]
[37,42,47]
[22,44,45]
[36,34,45]
[40,32,24]
[38,22,30]
[34,43,25]
[22,38,29]
[36,46,29]
[46,40,17]
[38,33,46]
[29,32,42]
[18,42,46]
]
[
[0,0,0]
[18,46,30]
[19,23,45]
[46,28,30]
[25,27,16]
[17,46,21]
[34,23,41]
[40,28,22]
[36,36,45]
[44,42,22]
[24,40,40]
[47,34,16]
[36,35,31]
[43,40,17]
[35,29,24]
[27,16,29]
[37,33,29]
[19,27,44]
[19,31,47]
[19,28,38]
[24,27,41]
]
[
[0,0,0]
[38,44,35]
[44,22,38]
[17,46,22]
[32,19,18]
[46,38,22]
[36,18,43]
[32,16,21]
[42,26,27]
[44,22,29]
[45,26,37]
[40,23,27]
[27,46,35]
[30,34,24]
[25,18,32]
[26,28,27]
[43,41,34]
[40,40,42]
[25,38,33]
[24,26,46]
[36,43,44]
]
[
[0,0,0]
[29,43,37]
[30,44,22]
[32,44,47]
[41,31,27]
[17,23,43]
[19,34,46]
[31,28,34]
[44,16,29]
[28,20,41]
[20,18,17]
[28,45,40]
[26,45,39]
[19,20,32]
[31,25,44]
[39,15,29]
[20,34,41]
[41,21,36]
[24,42,22]
[31,41,46]
[38,35,21]
]
[
[0,0,0]
[32,22,30]
[15,41,18]
[18,29,40]
[27,34,29]
[18,46,25]
[47,31,26]
[45,18,21]
[31,20,21]
[20,26,43]
[44,45,23]
[24,26,16]
[17,29,37]
[29,44,39]
[29,19,22]
[33,27,23]
[42,40,16]
[21,33,38]
[30,17,21]
[33,34,17]
[41,27,23]
]
[
[0,0,0]
[15,39,35]
[29,31,36]
[39,34,35]
[31,41,20]
[37,20,36]
[30,26,21]
[17,32,45]
[28,36,28]
[44,19,46]
[23,42,19]
[41,41,47]
[20,38,36]
[45,38,21]
[25,39,23]
[18,28,43]
[16,24,27]
[47,28,17]
[25,36,42]
[33,43,37]
[35,43,21]
]
[
[0,0,0]
[32,43,22]
[46,46,40]
[31,41,29]
[21,35,18]
[43,44,24]
[41,28,45]
[22,30,45]
[16,39,40]
[31,20,38]
[21,25,42]
[24,35,17]
[42,47,16]
[24,37,23]
[45,41,30]
[16,22,42]
[44,43,34]
[42,37,26]
[39,27,32]
[38,21,18]
[40,28,41]
]
[
[0,0,0]
[24,15,31]
[38,46,36]
[16,26,33]
[25,22,39]
[43,29,21]
[19,39,24]
[18,33,44]
[41,17,41]
[46,22,44]
[41,17,31]
[43,43,43]
[43,26,36]
[31,29,43]
[20,45,46]
[27,30,40]
[17,42,17]
[21,44,35]
[20,23,44]
[37,37,39]
[29,36,17]
]
[
[0,0,0]
[24,35,47]
[18,39,38]
[32,25,41]
[41,47,18]
[31,33,29]
[39,33,22]
[32,47,39]
[47,35,36]
[22,34,24]
[18,33,34]
[43,41,38]
[41,33,30]
[16,25,42]
[39,21,20]
[30,34,21]
[42,42,28]
[46,26,16]
[40,39,46]
[40,30,31]
[27,16,23]
]
[
[0,0,0]
[27,32,41]
[21,20,39]
[43,31,35]
[28,25,19]
[31,40,46]
[34,24,24]
[19,36,32]
[17,45,31]
[26,25,40]
[16,42,39]
[23,36,16]
[31,21,42]
[20,27,24]
[42,30,16]
[25,32,44]
[21,41,40]
[27,43,41]
[19,44,37]
[30,22,26]
[16,41,38]
]
[
[0,0,0]
[33,35,34]
[26,43,29]
[34,47,40]
[33,25,22]
[41,39,28]
[26,33,23]
[29,39,22]
[35,21,17]
[22,18,17]
[19,33,28]
[24,46,45]
[42,45,19]
[36,16,25]
[24,33,26]
[39,33,43]
[31,40,25]
[45,36,16]
[23,35,27]
[35,20,17]
[28,20,18]
]
[
[0,0,0]
[20,26,22]
[42,16,39]
[36,35,28]
[34,25,43]
[36,20,41]
[28,39,21]
[42,20,31]
[47,18,27]
[20,18,44]
[34,40,19]
[46,21,31]
[43,29,44]
[18,47,27]
[17,40,26]
[33,44,24]
[30,22,18]
[16,45,18]
[31,33,31]
[39,40,27]
[24,37,45]
]
[
[0,0,0]
[37,17,28]
[22,40,44]
[23,31,36]
[42,24,42]
[30,20,40]
[26,29,35]
[45,23,40]
[32,44,28]
[34,17,33]
[41,31,20]
[44,16,34]
[21,16,29]
[41,38,30]
[25,39,28]
[37,20,40]
[18,28,36]
[22,21,25]
[45,20,16]
[16,41,16]
[40,38,25]
]
[
[0,0,0]
[32,39,35]
[24,31,40]
[26,34,24]
[45,35,31]
[35,40,23]
[34,21,17]
[17,24,32]
[25,21,44]
[36,23,19]
[38,37,45]
[30,19,44]
[35,36,25]
[35,27,17]
[25,38,25]
[33,38,18]
[33,33,21]
[46,31,17]
[31,20,32]
[24,34,23]
[19,25,25]
]
[
[0,0,0]
[44,17,43]
[40,31,23]
[29,42,35]
[32,42,34]
[45,37,26]
[44,44,46]
[19,19,25]
[28,29,18]
[20,25,33]
[42,37,47]
[42,29,16]
[38,26,35]
[23,20,44]
[30,27,44]
[21,16,37]
[31,25,22]
[34,39,26]
[15,41,17]
[17,44,31]
[33,20,33]
]
[
[0,0,0]
[24,41,29]
[36,19,46]
[38,43,38]
[37,45,46]
[34,23,35]
[16,43,29]
[16,30,29]
[20,33,46]
[26,31,18]
[32,45,27]
[38,23,40]
[25,33,26]
[17,36,47]
[30,43,25]
[27,18,25]
[45,47,34]
[24,19,21]
[40,19,44]
[34,46,39]
[34,38,46]
]
[
[0,0,0]
[17,32,40]
[20,22,43]
[32,30,25]
[22,38,40]
[32,47,29]
[36,38,39]
[26,39,32]
[21,37,23]
[35,26,33]
[37,37,27]
[39,45,34]
[46,32,46]
[20,42,16]
[20,45,39]
[20,21,41]
[29,30,23]
[43,35,42]
[45,29,37]
[22,38,20]
[20,26,41]
]
[
[0,0,0]
[29,21,46]
[42,26,23]
[44,19,32]
[30,46,22]
[42,43,20]
[43,45,41]
[18,45,30]
[46,45,30]
[28,16,32]
[35,45,41]
[23,19,17]
[47,33,17]
[30,38,38]
[16,23,32]
[31,45,26]
[34,40,34]
[20,31,17]
[31,23,16]
[36,42,32]
[39,21,46]
]
[
[0,0,0]
[46,20,41]
[41,44,24]
[20,45,30]
[23,23,17]
[36,26,35]
[23,25,28]
[20,36,18]
[31,24,45]
[28,17,33]
[18,23,20]
[45,20,28]
[35,45,22]
[44,29,24]
[36,23,26]
[27,43,31]
[16,33,45]
[16,28,20]
[21,18,22]
[46,17,31]
[24,19,25]
]
[
[0,0,0]
[18,24,43]
[23,26,24]
[16,36,23]
[20,31,22]
[36,35,32]
[39,42,17]
[39,16,41]
[16,35,29]
[31,34,46]
[22,26,30]
[19,22,41]
[17,31,31]
[41,24,40]
[27,39,37]
[17,41,28]
[18,42,16]
[21,40,39]
[38,19,39]
[40,28,23]
[27,34,34]
]
];
d = [0,428,460,499,389,465,498,478,503,458,492,493,503,473,504,475,372,488,506,503,505];
tP=[0,55,89,29,87,20,19,56,92,71,11,73,65,55,42,87,26,47,47,75,44];
eP=[0,75,58,70,10,60,1,65,51,37,82,78,30,35,24,19,45,3,53,14,16];
