nMachines = 3;
nJobs = 20;
p = [
[0,0,0]
[53, 111, 90]
[124, 55, 93]
[119, 123, 67]
[83, 105, 101]
[100, 142, 87]
[149, 55, 66]
[83, 129, 112]
[51, 50, 131]
[116, 116, 90]
[134, 71, 101]
[120, 136, 117]
[139, 88, 83]
[140, 62, 66]
[79, 125, 70]
[55, 126, 80]
[66, 99, 105]
[127, 130, 110]
[82, 137, 75]
[83, 59, 66]
[130, 148, 135]
];
s = [
[
[0,0,0]
[0,0,0]
[0,0,0]
[0,0,0]
[0,0,0]
[0,0,0]
[0,0,0]
[0,0,0]
[0,0,0]
[0,0,0]
[0,0,0]
[0,0,0]
[0,0,0]
[0,0,0]
[0,0,0]
[0,0,0]
[0,0,0]
[0,0,0]
[0,0,0]
[0,0,0]
[0,0,0]
]
[
[0,0,0]
[43,44,34]
[48,46,40]
[43,45,44]
[16,35,34]
[38,31,16]
[43,49,24]
[20,47,49]
[44,43,46]
[34,31,30]
[22,18,26]
[44,37,29]
[26,22,23]
[44,17,34]
[49,18,25]
[37,31,35]
[35,36,20]
[24,39,32]
[43,29,26]
[31,43,24]
[35,46,21]
]
[
[0,0,0]
[31,19,41]
[22,35,47]
[34,37,29]
[38,16,47]
[21,45,31]
[37,44,40]
[31,19,25]
[22,44,19]
[18,30,36]
[35,19,21]
[35,26,25]
[19,16,24]
[31,34,21]
[44,25,40]
[22,22,42]
[20,34,18]
[40,49,44]
[29,30,19]
[46,45,20]
[30,36,37]
]
[
[0,0,0]
[47,46,33]
[48,17,37]
[37,28,22]
[18,48,29]
[26,28,29]
[32,38,16]
[37,43,27]
[22,47,35]
[25,17,20]
[29,47,25]
[35,17,44]
[26,21,16]
[46,36,39]
[44,42,30]
[23,44,44]
[48,34,49]
[36,27,46]
[22,39,21]
[44,38,19]
[38,20,43]
]
[
[0,0,0]
[19,34,30]
[49,48,32]
[41,35,41]
[41,28,17]
[32,48,28]
[17,32,22]
[22,41,16]
[46,27,19]
[48,26,32]
[45,18,45]
[39,40,41]
[49,40,21]
[28,40,38]
[39,46,29]
[40,44,17]
[26,35,16]
[38,34,39]
[21,28,45]
[30,30,30]
[33,38,44]
]
[
[0,0,0]
[27,28,34]
[18,42,46]
[48,16,21]
[28,48,44]
[37,25,47]
[34,18,49]
[42,27,37]
[42,46,42]
[32,48,21]
[46,26,47]
[40,17,22]
[16,37,38]
[17,43,26]
[20,33,44]
[17,32,37]
[45,48,43]
[30,27,28]
[37,36,34]
[32,48,34]
[31,29,29]
]
[
[0,0,0]
[39,20,44]
[35,20,39]
[40,16,24]
[31,37,28]
[33,39,31]
[45,42,31]
[48,37,39]
[48,17,24]
[44,49,38]
[26,45,30]
[19,22,21]
[44,48,29]
[21,23,41]
[39,48,25]
[25,32,44]
[44,26,38]
[30,40,49]
[39,46,48]
[41,35,40]
[27,42,26]
]
[
[0,0,0]
[20,20,28]
[38,40,48]
[30,39,32]
[31,49,40]
[28,42,39]
[31,39,37]
[26,22,35]
[46,21,20]
[32,26,23]
[24,28,19]
[23,33,27]
[27,22,26]
[17,24,44]
[47,19,29]
[17,34,32]
[47,20,36]
[46,45,28]
[40,30,24]
[26,29,35]
[28,37,30]
]
[
[0,0,0]
[40,41,38]
[44,33,40]
[42,47,17]
[19,45,43]
[30,47,46]
[35,36,28]
[49,20,18]
[44,33,48]
[27,21,45]
[35,34,22]
[17,26,36]
[46,31,44]
[41,31,48]
[18,21,44]
[46,48,28]
[44,46,36]
[41,18,27]
[35,24,37]
[40,42,35]
[19,45,21]
]
[
[0,0,0]
[40,25,18]
[45,21,17]
[27,17,45]
[48,42,40]
[31,25,21]
[16,33,23]
[17,38,26]
[35,47,29]
[43,28,17]
[25,25,19]
[33,43,41]
[43,42,17]
[17,43,27]
[36,36,24]
[32,20,36]
[29,20,47]
[24,21,47]
[35,22,26]
[42,44,48]
[28,48,41]
]
[
[0,0,0]
[30,23,18]
[47,31,40]
[42,32,34]
[36,41,48]
[34,17,42]
[33,21,19]
[43,47,40]
[31,19,36]
[22,33,48]
[17,29,48]
[22,23,16]
[31,42,43]
[35,47,19]
[24,27,17]
[46,32,42]
[37,48,18]
[30,30,19]
[20,38,40]
[21,31,44]
[23,17,36]
]
[
[0,0,0]
[18,31,29]
[29,48,32]
[28,39,25]
[33,41,40]
[41,26,27]
[23,37,44]
[33,35,33]
[17,20,41]
[32,29,30]
[27,45,46]
[18,36,36]
[22,27,39]
[30,45,35]
[41,33,23]
[21,48,24]
[28,21,40]
[37,33,33]
[36,24,48]
[34,40,29]
[46,27,45]
]
[
[0,0,0]
[24,46,42]
[18,17,25]
[26,23,37]
[37,29,46]
[30,25,26]
[20,43,44]
[45,19,42]
[29,24,36]
[34,33,45]
[44,39,18]
[17,30,29]
[38,31,43]
[31,18,23]
[33,41,17]
[40,29,38]
[40,23,43]
[36,33,46]
[19,22,18]
[46,48,41]
[39,22,18]
]
[
[0,0,0]
[43,23,36]
[45,26,34]
[46,31,19]
[47,38,33]
[17,43,25]
[25,17,47]
[36,24,44]
[21,17,21]
[36,39,21]
[40,33,23]
[37,20,42]
[37,49,17]
[48,35,33]
[42,46,18]
[40,37,19]
[28,27,42]
[37,29,42]
[16,47,22]
[21,31,18]
[29,31,18]
]
[
[0,0,0]
[38,34,23]
[27,18,30]
[33,33,29]
[46,19,48]
[23,26,44]
[25,34,30]
[23,33,40]
[16,34,44]
[47,30,24]
[39,34,33]
[31,18,29]
[41,26,48]
[36,23,42]
[30,31,20]
[49,35,39]
[42,21,45]
[20,38,35]
[34,29,36]
[48,29,43]
[31,31,48]
]
[
[0,0,0]
[49,25,22]
[48,39,23]
[32,24,45]
[19,31,42]
[42,36,30]
[39,21,29]
[29,18,39]
[44,24,19]
[42,16,21]
[19,28,49]
[38,42,35]
[37,29,29]
[30,20,47]
[36,47,40]
[30,16,34]
[45,27,20]
[42,32,26]
[31,48,35]
[47,41,36]
[17,41,32]
]
[
[0,0,0]
[37,24,29]
[21,20,45]
[33,30,21]
[48,37,46]
[32,36,43]
[32,43,33]
[21,46,40]
[48,47,20]
[32,16,23]
[41,37,19]
[33,26,34]
[48,41,37]
[29,46,31]
[23,28,25]
[21,38,24]
[43,25,49]
[31,18,46]
[22,18,41]
[30,35,25]
[39,31,43]
]
[
[0,0,0]
[18,16,24]
[31,32,45]
[47,36,45]
[36,39,45]
[46,31,17]
[26,22,33]
[17,18,32]
[18,46,34]
[42,20,30]
[28,40,22]
[35,20,17]
[27,27,36]
[36,33,23]
[45,34,41]
[34,30,38]
[32,42,41]
[39,46,17]
[17,43,46]
[43,43,24]
[38,17,35]
]
[
[0,0,0]
[36,21,31]
[25,29,34]
[26,24,46]
[37,49,29]
[28,28,40]
[33,31,30]
[40,38,36]
[22,17,48]
[41,33,19]
[33,19,22]
[43,45,25]
[43,27,35]
[16,24,19]
[30,49,39]
[42,37,49]
[27,21,33]
[41,28,42]
[40,29,29]
[29,26,33]
[43,27,23]
]
[
[0,0,0]
[30,31,33]
[22,22,32]
[35,25,41]
[33,37,42]
[20,19,43]
[40,40,18]
[33,30,41]
[45,16,22]
[16,43,24]
[21,34,45]
[45,16,19]
[32,43,46]
[41,33,27]
[38,26,40]
[44,38,49]
[43,47,48]
[49,23,25]
[37,18,19]
[31,40,27]
[44,45,46]
]
[
[0,0,0]
[16,46,39]
[46,22,42]
[45,34,32]
[44,37,19]
[31,37,22]
[27,37,35]
[23,39,41]
[47,20,30]
[26,37,30]
[16,23,22]
[22,36,31]
[40,21,24]
[43,49,18]
[43,26,22]
[42,23,34]
[38,26,45]
[42,40,43]
[24,26,30]
[44,19,45]
[39,39,33]
]
];
d = [0,375,527,507,486,496,518,488,485,482,455,523,463,518,464,478,411,485,434,483,524];
tP=[0,30,29,99,21,79,72,23,44,64,61,23,3,16,58,48,48,41,5,23,9];
eP=[0,0,66,13,27,42,46,52,0,73,43,6,41,11,48,80,73,83,19,42,0];
