nMachines = 3;
nJobs = 20;
p = [
[0,0,0]
[109, 142, 65]
[57, 105, 56]
[52, 64, 122]
[75, 103, 113]
[122, 120, 128]
[115, 99, 97]
[139, 62, 138]
[89, 134, 148]
[53, 148, 147]
[143, 146, 70]
[92, 146, 146]
[140, 51, 122]
[90, 86, 51]
[59, 110, 96]
[125, 94, 86]
[114, 96, 115]
[135, 116, 122]
[58, 95, 117]
[129, 83, 93]
[143, 81, 50]
];
s = [
[
[0,0,0]
[0,0,0]
[0,0,0]
[0,0,0]
[0,0,0]
[0,0,0]
[0,0,0]
[0,0,0]
[0,0,0]
[0,0,0]
[0,0,0]
[0,0,0]
[0,0,0]
[0,0,0]
[0,0,0]
[0,0,0]
[0,0,0]
[0,0,0]
[0,0,0]
[0,0,0]
[0,0,0]
]
[
[0,0,0]
[38,36,17]
[30,27,50]
[43,51,30]
[41,43,17]
[25,50,38]
[44,29,35]
[21,24,37]
[41,32,44]
[26,23,28]
[44,18,43]
[17,29,38]
[39,46,44]
[26,41,17]
[25,48,24]
[18,32,22]
[31,30,35]
[22,37,17]
[24,18,26]
[24,23,33]
[30,43,43]
]
[
[0,0,0]
[41,41,51]
[29,44,51]
[44,49,40]
[23,27,32]
[31,34,22]
[29,43,51]
[41,47,51]
[22,18,18]
[41,35,31]
[23,36,38]
[42,34,38]
[26,47,31]
[42,31,29]
[23,50,33]
[39,45,39]
[51,50,22]
[48,23,47]
[42,27,51]
[34,36,26]
[37,47,49]
]
[
[0,0,0]
[31,36,32]
[37,37,47]
[46,48,38]
[32,50,35]
[45,31,22]
[33,38,47]
[40,45,20]
[29,44,24]
[32,49,22]
[46,40,38]
[42,31,21]
[21,22,40]
[46,42,34]
[47,35,18]
[20,50,35]
[26,17,22]
[23,26,26]
[40,38,29]
[25,17,17]
[45,26,36]
]
[
[0,0,0]
[32,30,41]
[30,44,36]
[42,51,45]
[26,38,29]
[47,50,33]
[31,44,28]
[42,48,21]
[23,40,37]
[26,27,25]
[26,34,29]
[38,31,38]
[49,27,42]
[23,20,20]
[21,49,35]
[49,19,34]
[21,46,43]
[47,38,38]
[29,35,21]
[43,47,24]
[47,34,42]
]
[
[0,0,0]
[18,25,19]
[31,30,40]
[19,48,19]
[37,34,18]
[26,51,48]
[33,30,30]
[27,43,35]
[39,43,50]
[49,39,24]
[50,48,43]
[25,39,35]
[19,44,34]
[44,17,47]
[46,46,34]
[26,39,43]
[17,35,43]
[24,44,36]
[34,25,32]
[47,21,48]
[26,32,47]
]
[
[0,0,0]
[41,33,26]
[23,17,24]
[43,29,30]
[48,24,35]
[21,45,18]
[43,22,43]
[19,29,28]
[44,27,34]
[34,24,31]
[24,31,38]
[32,51,44]
[18,18,23]
[41,46,20]
[23,44,34]
[32,44,32]
[33,37,20]
[21,45,40]
[29,27,38]
[26,43,36]
[22,28,21]
]
[
[0,0,0]
[31,41,51]
[41,41,38]
[38,37,38]
[19,38,21]
[31,37,20]
[33,33,18]
[38,47,31]
[33,48,22]
[38,19,39]
[50,34,22]
[49,23,38]
[30,19,19]
[27,51,37]
[34,51,18]
[30,47,33]
[36,40,42]
[18,26,32]
[36,38,32]
[26,39,20]
[41,42,47]
]
[
[0,0,0]
[49,21,49]
[29,43,30]
[27,42,45]
[51,18,32]
[41,34,33]
[31,51,45]
[47,20,49]
[33,42,33]
[30,47,34]
[39,41,19]
[30,45,19]
[26,30,48]
[22,42,46]
[25,49,25]
[43,20,37]
[37,26,33]
[46,21,47]
[17,34,18]
[23,49,23]
[18,47,30]
]
[
[0,0,0]
[50,45,28]
[33,42,40]
[50,27,49]
[34,33,43]
[37,50,39]
[17,26,51]
[26,38,37]
[37,49,43]
[44,37,22]
[40,23,34]
[42,24,51]
[19,19,26]
[40,37,34]
[50,31,38]
[21,45,46]
[48,49,31]
[31,19,18]
[44,37,33]
[38,26,35]
[20,18,32]
]
[
[0,0,0]
[35,43,22]
[28,23,45]
[37,27,42]
[19,31,42]
[38,35,35]
[18,47,33]
[34,24,25]
[44,47,25]
[47,46,38]
[50,40,40]
[19,51,47]
[38,36,50]
[42,46,34]
[25,35,35]
[47,42,38]
[29,46,23]
[26,30,49]
[23,32,22]
[42,49,39]
[25,42,28]
]
[
[0,0,0]
[32,44,18]
[35,45,42]
[20,17,40]
[17,48,29]
[46,36,44]
[46,44,17]
[43,21,24]
[50,30,24]
[49,24,25]
[38,34,48]
[49,24,32]
[41,28,23]
[37,28,48]
[47,37,49]
[18,50,25]
[27,46,34]
[29,39,47]
[24,36,26]
[36,21,35]
[29,28,27]
]
[
[0,0,0]
[49,49,30]
[32,45,38]
[31,24,18]
[39,29,26]
[46,36,32]
[30,33,32]
[26,47,30]
[43,47,43]
[30,25,25]
[24,50,41]
[31,38,42]
[36,33,48]
[41,23,36]
[35,25,38]
[40,21,17]
[48,45,43]
[50,38,51]
[36,19,48]
[29,17,37]
[34,31,43]
]
[
[0,0,0]
[50,38,28]
[38,35,28]
[20,22,28]
[43,44,25]
[25,48,43]
[44,29,47]
[45,40,22]
[41,44,21]
[38,21,35]
[21,46,44]
[44,47,25]
[48,46,24]
[18,32,17]
[38,28,39]
[34,25,34]
[39,32,31]
[41,24,24]
[49,22,30]
[36,34,32]
[45,30,43]
]
[
[0,0,0]
[43,22,29]
[31,42,37]
[22,50,26]
[47,49,32]
[34,23,43]
[48,47,28]
[23,40,50]
[42,19,46]
[44,19,46]
[48,40,24]
[42,46,32]
[45,26,36]
[23,24,44]
[46,38,44]
[32,22,42]
[37,35,35]
[34,17,34]
[45,25,28]
[51,37,27]
[38,32,36]
]
[
[0,0,0]
[17,27,48]
[38,30,41]
[27,20,19]
[36,40,27]
[44,31,27]
[20,39,32]
[30,48,25]
[44,38,51]
[36,28,22]
[46,31,43]
[27,18,48]
[48,20,23]
[33,50,48]
[40,41,29]
[50,46,27]
[36,21,27]
[48,30,28]
[45,26,26]
[42,42,43]
[19,33,37]
]
[
[0,0,0]
[36,18,23]
[34,20,18]
[24,47,25]
[42,27,39]
[38,46,18]
[49,18,36]
[20,36,48]
[51,41,27]
[26,21,29]
[44,50,48]
[42,35,22]
[49,27,41]
[37,18,38]
[19,21,35]
[24,31,46]
[51,23,37]
[38,27,40]
[43,27,33]
[43,23,31]
[45,27,30]
]
[
[0,0,0]
[19,33,43]
[22,39,24]
[41,35,46]
[29,42,20]
[44,45,31]
[34,47,23]
[36,30,25]
[50,27,35]
[28,42,20]
[42,30,37]
[48,40,27]
[46,33,48]
[28,27,32]
[44,49,21]
[28,27,32]
[43,18,18]
[25,50,30]
[29,51,48]
[33,18,41]
[32,32,32]
]
[
[0,0,0]
[32,47,34]
[36,28,42]
[47,38,41]
[18,26,48]
[23,18,46]
[50,45,31]
[19,37,21]
[28,19,27]
[32,42,46]
[43,18,31]
[49,26,39]
[28,43,21]
[22,20,42]
[43,35,21]
[39,32,25]
[46,27,48]
[25,30,43]
[48,37,26]
[50,40,37]
[39,31,30]
]
[
[0,0,0]
[44,22,36]
[20,33,17]
[19,42,41]
[44,39,25]
[43,43,41]
[17,21,51]
[24,34,51]
[27,42,21]
[22,48,27]
[25,30,17]
[28,32,43]
[30,35,20]
[20,28,30]
[22,42,36]
[45,21,29]
[25,26,31]
[41,37,21]
[36,49,26]
[30,33,51]
[41,48,32]
]
[
[0,0,0]
[29,29,19]
[47,22,39]
[24,22,39]
[51,46,32]
[18,46,27]
[19,50,48]
[39,50,26]
[42,43,23]
[19,28,40]
[46,44,33]
[26,41,25]
[46,41,49]
[39,24,46]
[19,17,20]
[26,40,33]
[47,25,24]
[48,45,46]
[43,35,41]
[18,40,17]
[26,49,38]
]
];
d = [0,501,435,532,427,544,465,487,520,510,440,498,507,520,529,539,519,540,550,539,499];
tP=[0,40,32,52,69,40,51,15,94,89,54,56,91,15,64,76,16,47,40,92,71];
eP=[0,86,33,90,96,34,9,39,36,99,30,91,58,83,95,27,3,92,46,92,20];
