nMachines = 3;
nJobs = 20;
p = [
[0,0,0]
[114, 97, 51]
[144, 104, 81]
[97, 58, 95]
[116, 106, 59]
[95, 140, 59]
[61, 110, 142]
[73, 82, 66]
[84, 126, 103]
[124, 146, 126]
[55, 54, 136]
[52, 83, 70]
[117, 53, 59]
[128, 136, 147]
[97, 121, 97]
[133, 103, 111]
[149, 72, 100]
[134, 98, 134]
[148, 114, 145]
[60, 57, 122]
[110, 118, 95]
];
s = [
[
[0,0,0]
[0,0,0]
[0,0,0]
[0,0,0]
[0,0,0]
[0,0,0]
[0,0,0]
[0,0,0]
[0,0,0]
[0,0,0]
[0,0,0]
[0,0,0]
[0,0,0]
[0,0,0]
[0,0,0]
[0,0,0]
[0,0,0]
[0,0,0]
[0,0,0]
[0,0,0]
[0,0,0]
]
[
[0,0,0]
[46,17,32]
[47,39,44]
[27,50,38]
[42,45,33]
[28,24,27]
[25,30,26]
[36,37,46]
[39,28,32]
[39,21,40]
[32,44,41]
[21,30,48]
[29,37,28]
[25,39,42]
[40,28,39]
[17,37,43]
[31,47,17]
[27,25,41]
[39,45,29]
[34,17,39]
[29,33,20]
]
[
[0,0,0]
[26,47,35]
[31,48,27]
[47,40,20]
[45,46,27]
[37,48,36]
[23,38,38]
[24,18,20]
[46,35,45]
[26,30,17]
[31,29,38]
[47,37,40]
[50,39,30]
[43,20,30]
[40,33,29]
[43,20,33]
[41,23,18]
[29,42,45]
[37,21,24]
[37,45,42]
[45,26,46]
]
[
[0,0,0]
[31,46,25]
[38,22,28]
[33,28,24]
[50,20,24]
[38,33,20]
[27,40,37]
[34,21,31]
[42,37,40]
[38,22,44]
[49,35,29]
[47,17,38]
[50,31,28]
[25,18,33]
[29,46,27]
[50,44,41]
[41,30,33]
[29,29,25]
[26,33,38]
[49,32,40]
[20,19,21]
]
[
[0,0,0]
[48,26,18]
[41,42,42]
[50,21,33]
[20,37,49]
[48,44,25]
[30,46,33]
[30,49,34]
[25,44,23]
[30,39,31]
[38,45,38]
[31,24,46]
[34,37,32]
[40,21,48]
[31,36,47]
[49,42,44]
[37,40,23]
[27,24,46]
[31,45,42]
[39,23,24]
[22,23,43]
]
[
[0,0,0]
[26,40,23]
[33,48,35]
[42,27,38]
[33,46,42]
[34,24,20]
[24,32,18]
[45,31,20]
[46,33,20]
[32,39,46]
[39,22,50]
[29,43,41]
[22,24,18]
[50,19,47]
[43,20,36]
[46,18,38]
[34,40,27]
[16,31,29]
[35,47,38]
[17,49,36]
[40,32,31]
]
[
[0,0,0]
[28,30,28]
[47,40,24]
[42,33,48]
[28,29,22]
[45,31,46]
[34,23,29]
[44,30,26]
[43,25,38]
[21,48,33]
[37,25,18]
[35,25,44]
[44,24,28]
[38,34,33]
[46,21,17]
[28,29,48]
[38,27,42]
[36,41,21]
[20,19,38]
[34,22,25]
[18,21,19]
]
[
[0,0,0]
[20,33,32]
[19,21,19]
[17,44,24]
[36,40,44]
[32,37,34]
[43,20,24]
[19,24,22]
[22,31,37]
[28,37,44]
[49,44,27]
[28,40,40]
[46,25,28]
[29,42,20]
[44,35,38]
[25,36,40]
[22,47,34]
[36,41,38]
[46,43,24]
[45,48,18]
[50,35,18]
]
[
[0,0,0]
[25,41,32]
[43,39,28]
[31,21,19]
[28,23,48]
[47,44,24]
[29,29,30]
[23,29,42]
[29,41,42]
[24,33,48]
[27,35,29]
[49,48,25]
[45,17,46]
[39,19,32]
[45,39,26]
[45,25,24]
[19,20,24]
[28,34,19]
[37,28,50]
[30,25,35]
[42,17,45]
]
[
[0,0,0]
[39,28,28]
[38,45,21]
[32,42,48]
[31,16,29]
[45,22,39]
[19,41,49]
[21,23,35]
[37,42,40]
[50,48,39]
[34,21,39]
[31,28,19]
[20,22,48]
[26,19,31]
[44,34,24]
[44,24,25]
[30,26,33]
[46,26,48]
[47,17,19]
[46,26,20]
[26,29,16]
]
[
[0,0,0]
[45,30,40]
[37,17,29]
[41,34,20]
[35,31,33]
[16,31,24]
[18,17,29]
[30,48,22]
[22,37,34]
[30,22,17]
[25,20,30]
[24,38,26]
[31,28,47]
[17,43,35]
[42,37,20]
[41,41,39]
[40,28,43]
[30,44,47]
[25,35,39]
[40,41,34]
[45,30,26]
]
[
[0,0,0]
[24,34,48]
[45,20,47]
[23,30,28]
[24,21,43]
[25,46,47]
[24,45,47]
[34,43,37]
[36,29,32]
[43,24,28]
[28,17,38]
[22,46,25]
[37,41,38]
[32,38,22]
[18,37,43]
[38,35,39]
[17,22,34]
[48,27,45]
[42,46,50]
[32,44,48]
[19,18,34]
]
[
[0,0,0]
[47,34,19]
[46,25,25]
[44,28,26]
[39,17,44]
[43,41,21]
[21,33,26]
[19,30,46]
[38,41,17]
[28,24,25]
[40,35,44]
[27,20,32]
[37,35,43]
[19,21,48]
[49,27,46]
[34,38,17]
[44,30,33]
[33,34,39]
[49,31,33]
[30,38,19]
[31,20,17]
]
[
[0,0,0]
[43,46,45]
[46,31,39]
[21,22,20]
[30,45,24]
[31,28,23]
[21,43,46]
[49,41,18]
[40,46,40]
[22,47,26]
[35,49,30]
[45,43,42]
[19,26,26]
[41,33,37]
[40,33,43]
[49,34,50]
[40,42,21]
[21,45,41]
[45,31,42]
[23,33,45]
[20,46,21]
]
[
[0,0,0]
[33,23,38]
[42,39,27]
[39,27,29]
[33,31,17]
[49,48,46]
[32,47,28]
[39,28,36]
[48,22,44]
[44,25,21]
[47,49,28]
[47,49,26]
[47,37,44]
[27,24,31]
[44,27,39]
[44,22,19]
[42,41,26]
[22,36,17]
[47,36,39]
[38,22,21]
[22,37,32]
]
[
[0,0,0]
[28,26,38]
[31,20,42]
[35,46,40]
[40,40,36]
[46,25,27]
[32,42,32]
[45,31,27]
[45,46,42]
[41,41,38]
[18,48,36]
[29,25,21]
[31,28,35]
[47,36,36]
[20,41,42]
[22,47,25]
[35,36,50]
[19,40,22]
[23,37,43]
[50,16,26]
[47,32,27]
]
[
[0,0,0]
[22,40,21]
[19,46,49]
[23,35,44]
[46,17,43]
[46,37,34]
[41,48,29]
[17,39,20]
[36,25,22]
[24,32,28]
[36,28,41]
[47,23,34]
[45,36,45]
[31,40,42]
[42,25,21]
[19,45,21]
[39,20,48]
[45,22,50]
[50,18,41]
[20,47,20]
[25,28,48]
]
[
[0,0,0]
[33,41,17]
[19,26,25]
[29,35,37]
[20,32,21]
[25,47,42]
[32,29,22]
[36,39,48]
[47,39,46]
[49,36,19]
[39,18,20]
[26,42,46]
[18,29,28]
[24,46,49]
[32,49,43]
[27,17,40]
[18,35,23]
[22,24,31]
[31,49,24]
[22,31,45]
[31,16,25]
]
[
[0,0,0]
[38,39,22]
[27,39,20]
[19,24,28]
[43,25,42]
[22,28,20]
[39,19,28]
[18,43,40]
[40,42,45]
[41,36,38]
[49,26,21]
[28,36,42]
[49,41,27]
[47,26,28]
[48,20,29]
[32,23,48]
[42,32,30]
[17,37,33]
[29,46,24]
[18,47,28]
[20,42,30]
]
[
[0,0,0]
[20,43,41]
[25,26,21]
[37,30,38]
[43,48,29]
[30,21,34]
[17,36,32]
[42,35,22]
[16,40,18]
[24,24,39]
[38,27,20]
[44,40,31]
[40,39,28]
[30,49,25]
[22,31,40]
[39,50,45]
[47,34,28]
[50,26,42]
[34,33,34]
[48,21,29]
[44,40,23]
]
[
[0,0,0]
[21,26,48]
[19,36,36]
[39,45,21]
[49,36,38]
[24,33,48]
[42,47,29]
[17,30,25]
[34,46,50]
[28,19,46]
[34,35,37]
[24,37,45]
[19,36,26]
[47,43,26]
[17,36,38]
[27,29,35]
[16,44,37]
[22,39,44]
[43,47,29]
[25,42,39]
[38,41,40]
]
];
d = [0,506,495,524,518,502,537,538,504,525,429,527,489,512,528,498,447,538,507,510,406];
tP=[0,83,11,59,13,95,14,28,54,39,34,14,52,39,63,48,6,83,2,17,20];
eP=[0,13,8,19,75,12,11,45,75,30,33,66,36,91,74,96,95,71,72,19,33];
