nMachines = 3;
nJobs = 20;
p = [
[0,0,0]
[72, 75, 96]
[57, 63, 89]
[128, 85, 94]
[131, 114, 84]
[129, 136, 95]
[99, 52, 50]
[140, 137, 56]
[147, 89, 121]
[92, 55, 80]
[118, 114, 60]
[113, 112, 72]
[98, 116, 91]
[112, 102, 90]
[149, 136, 131]
[93, 131, 98]
[85, 143, 64]
[134, 65, 122]
[109, 116, 106]
[64, 120, 137]
[136, 89, 95]
];
s = [
[
[0,0,0]
[0,0,0]
[0,0,0]
[0,0,0]
[0,0,0]
[0,0,0]
[0,0,0]
[0,0,0]
[0,0,0]
[0,0,0]
[0,0,0]
[0,0,0]
[0,0,0]
[0,0,0]
[0,0,0]
[0,0,0]
[0,0,0]
[0,0,0]
[0,0,0]
[0,0,0]
[0,0,0]
]
[
[0,0,0]
[18,19,27]
[43,20,35]
[38,36,28]
[46,23,30]
[42,50,45]
[17,25,29]
[48,43,29]
[49,37,31]
[43,35,18]
[34,47,46]
[37,22,37]
[42,49,39]
[20,25,33]
[21,39,41]
[30,17,22]
[21,38,18]
[46,20,23]
[45,34,35]
[28,43,36]
[17,42,37]
]
[
[0,0,0]
[28,43,21]
[46,36,42]
[43,36,44]
[21,24,26]
[45,44,16]
[50,21,24]
[18,34,24]
[49,24,17]
[32,17,20]
[40,26,18]
[30,38,35]
[30,43,44]
[45,40,33]
[49,37,40]
[27,31,44]
[42,40,27]
[18,27,25]
[39,32,38]
[50,48,24]
[30,36,24]
]
[
[0,0,0]
[23,32,44]
[48,36,47]
[25,47,47]
[21,17,17]
[48,26,33]
[35,25,50]
[19,50,50]
[41,35,27]
[26,32,36]
[47,46,48]
[49,24,30]
[38,34,31]
[37,37,49]
[38,46,24]
[28,42,47]
[21,41,40]
[35,47,32]
[21,31,23]
[21,32,33]
[44,21,17]
]
[
[0,0,0]
[46,46,45]
[37,30,49]
[30,17,19]
[24,22,20]
[37,45,34]
[27,40,18]
[41,27,19]
[29,21,29]
[24,45,19]
[39,43,43]
[25,37,40]
[49,39,39]
[23,30,37]
[27,23,18]
[46,37,21]
[19,33,17]
[19,50,25]
[44,17,33]
[31,17,17]
[36,33,32]
]
[
[0,0,0]
[44,19,48]
[47,23,29]
[24,45,33]
[23,49,25]
[43,21,26]
[46,20,36]
[19,41,18]
[28,41,30]
[25,29,47]
[18,23,34]
[21,21,30]
[39,29,39]
[27,35,21]
[45,27,37]
[43,21,35]
[48,26,37]
[35,28,37]
[22,40,31]
[38,33,26]
[25,49,18]
]
[
[0,0,0]
[27,21,31]
[34,38,25]
[28,26,44]
[21,46,49]
[28,49,32]
[23,17,49]
[26,37,33]
[21,23,22]
[48,23,23]
[31,45,25]
[36,32,46]
[37,35,27]
[32,26,18]
[39,27,39]
[40,43,34]
[20,45,21]
[22,47,27]
[42,23,49]
[18,31,35]
[33,39,31]
]
[
[0,0,0]
[18,28,23]
[29,38,23]
[48,33,44]
[31,33,44]
[42,48,26]
[37,40,32]
[30,21,25]
[23,49,49]
[18,21,42]
[39,35,20]
[20,36,31]
[25,18,22]
[39,26,38]
[40,43,18]
[49,38,32]
[17,42,40]
[39,41,35]
[45,31,18]
[26,21,32]
[42,20,32]
]
[
[0,0,0]
[26,39,43]
[42,35,29]
[44,18,31]
[48,20,23]
[30,40,34]
[38,48,50]
[18,21,43]
[38,24,19]
[17,41,18]
[35,17,31]
[49,41,33]
[46,22,25]
[19,40,20]
[34,41,21]
[25,25,19]
[47,46,47]
[45,24,49]
[46,43,29]
[19,34,43]
[37,35,47]
]
[
[0,0,0]
[20,19,30]
[40,39,39]
[35,32,33]
[33,33,17]
[46,40,49]
[47,37,34]
[32,29,34]
[31,31,23]
[37,31,31]
[28,26,45]
[50,49,41]
[31,34,41]
[30,29,45]
[24,27,40]
[48,31,28]
[50,23,34]
[32,40,38]
[21,19,20]
[48,24,37]
[47,44,30]
]
[
[0,0,0]
[32,29,31]
[20,18,46]
[45,24,37]
[38,20,29]
[49,27,44]
[42,32,35]
[27,43,50]
[49,48,33]
[23,28,50]
[26,24,30]
[22,39,34]
[38,21,50]
[19,33,30]
[50,29,40]
[44,43,47]
[41,29,18]
[41,20,50]
[44,23,27]
[46,28,18]
[21,25,50]
]
[
[0,0,0]
[29,27,31]
[39,21,27]
[38,20,21]
[47,37,22]
[43,23,38]
[26,38,44]
[42,42,43]
[18,49,21]
[47,36,27]
[32,23,49]
[33,20,40]
[30,28,28]
[37,49,32]
[38,30,47]
[25,36,44]
[19,29,48]
[45,38,26]
[31,26,31]
[38,23,42]
[24,40,48]
]
[
[0,0,0]
[24,45,21]
[44,50,17]
[20,40,42]
[29,30,26]
[33,27,19]
[36,27,24]
[41,32,24]
[46,22,36]
[25,21,47]
[17,24,28]
[19,46,39]
[34,26,43]
[27,37,32]
[24,40,39]
[37,22,49]
[48,19,25]
[40,46,36]
[24,34,27]
[45,33,36]
[38,33,34]
]
[
[0,0,0]
[38,34,33]
[35,19,30]
[46,23,23]
[37,34,21]
[48,30,18]
[49,46,25]
[35,47,40]
[37,34,39]
[23,28,28]
[39,44,30]
[27,30,34]
[34,45,27]
[47,47,30]
[49,37,29]
[30,29,38]
[22,27,27]
[27,29,44]
[31,26,40]
[39,29,19]
[41,43,48]
]
[
[0,0,0]
[29,36,28]
[24,26,36]
[29,29,30]
[29,30,33]
[41,38,18]
[36,49,27]
[40,36,28]
[17,24,43]
[28,17,39]
[38,42,29]
[36,44,31]
[40,43,38]
[25,22,36]
[37,36,26]
[17,24,34]
[50,18,48]
[39,48,35]
[33,36,28]
[37,36,30]
[30,50,23]
]
[
[0,0,0]
[37,24,41]
[22,44,48]
[22,40,46]
[19,37,43]
[50,33,23]
[21,41,50]
[39,32,43]
[41,30,31]
[28,49,35]
[28,25,21]
[36,37,28]
[21,41,37]
[31,32,28]
[38,34,28]
[19,20,36]
[47,31,32]
[42,40,30]
[28,18,49]
[35,25,19]
[38,20,28]
]
[
[0,0,0]
[18,37,18]
[37,33,26]
[34,42,30]
[33,49,35]
[46,22,28]
[26,45,38]
[38,29,45]
[17,43,32]
[43,28,19]
[20,28,18]
[32,21,42]
[44,28,27]
[48,41,28]
[26,29,32]
[37,37,45]
[39,24,48]
[26,48,23]
[24,45,35]
[23,26,41]
[24,19,25]
]
[
[0,0,0]
[44,39,46]
[19,38,34]
[23,38,38]
[21,32,45]
[26,18,31]
[38,27,36]
[36,30,17]
[23,37,21]
[43,34,19]
[31,37,27]
[31,33,37]
[32,17,42]
[46,36,36]
[44,24,41]
[42,18,44]
[18,45,47]
[39,23,47]
[44,38,27]
[41,45,38]
[42,33,33]
]
[
[0,0,0]
[17,47,43]
[42,46,43]
[37,33,33]
[41,47,43]
[37,20,17]
[30,28,22]
[27,41,49]
[17,34,38]
[31,42,20]
[34,23,20]
[31,32,49]
[16,25,30]
[30,26,19]
[41,44,31]
[26,49,47]
[39,20,33]
[31,19,21]
[42,32,41]
[34,47,38]
[36,22,46]
]
[
[0,0,0]
[40,46,37]
[36,32,33]
[26,18,29]
[17,26,19]
[25,40,19]
[24,46,40]
[47,49,22]
[46,40,44]
[19,20,19]
[38,19,37]
[48,29,30]
[30,30,47]
[25,17,27]
[36,45,44]
[23,32,18]
[24,31,26]
[24,27,25]
[33,24,43]
[33,19,35]
[40,41,45]
]
[
[0,0,0]
[41,37,44]
[44,23,31]
[19,46,21]
[22,26,37]
[30,25,35]
[34,44,49]
[39,46,33]
[22,28,49]
[31,32,42]
[46,29,32]
[24,25,49]
[38,35,49]
[44,33,35]
[48,30,25]
[48,36,21]
[36,21,36]
[19,44,31]
[31,21,27]
[48,32,32]
[41,24,21]
]
];
d = [0,513,530,526,439,518,491,518,471,536,444,377,540,489,501,407,524,435,533,506,369];
tP=[0,9,74,13,52,91,73,62,98,34,5,67,21,44,66,88,40,41,43,64,19];
eP=[0,13,24,99,95,47,0,56,5,76,74,25,10,58,5,18,24,90,48,47,38];
