nMachines = 3;
nJobs = 20;
p = [
[0,0,0]
[112, 124, 126]
[142, 124, 143]
[86, 76, 120]
[139, 90, 66]
[123, 100, 98]
[51, 71, 128]
[96, 58, 133]
[100, 82, 122]
[113, 59, 90]
[50, 56, 127]
[75, 134, 58]
[139, 88, 55]
[98, 137, 127]
[93, 60, 93]
[116, 82, 65]
[141, 102, 102]
[142, 138, 60]
[148, 68, 138]
[108, 61, 143]
[99, 62, 133]
];
s = [
[
[0,0,0]
[0,0,0]
[0,0,0]
[0,0,0]
[0,0,0]
[0,0,0]
[0,0,0]
[0,0,0]
[0,0,0]
[0,0,0]
[0,0,0]
[0,0,0]
[0,0,0]
[0,0,0]
[0,0,0]
[0,0,0]
[0,0,0]
[0,0,0]
[0,0,0]
[0,0,0]
[0,0,0]
]
[
[0,0,0]
[38,19,16]
[38,36,43]
[21,17,42]
[34,44,37]
[27,42,44]
[44,32,17]
[18,17,50]
[22,39,39]
[44,19,43]
[34,39,17]
[39,17,32]
[23,46,41]
[22,21,22]
[49,29,27]
[23,41,22]
[27,24,50]
[17,26,49]
[38,30,20]
[35,20,40]
[43,47,39]
]
[
[0,0,0]
[20,47,33]
[33,37,19]
[22,36,24]
[39,38,45]
[38,47,29]
[34,38,23]
[42,23,29]
[45,21,45]
[37,20,33]
[39,27,26]
[24,40,38]
[40,43,28]
[26,47,48]
[38,33,24]
[37,19,44]
[41,39,21]
[32,46,21]
[27,17,40]
[41,37,28]
[42,39,25]
]
[
[0,0,0]
[33,43,36]
[40,45,26]
[32,21,31]
[32,37,33]
[27,19,34]
[37,24,22]
[33,50,50]
[22,42,44]
[25,40,27]
[46,36,43]
[34,26,44]
[42,37,31]
[49,44,25]
[35,28,45]
[33,47,37]
[22,48,43]
[38,45,45]
[21,34,49]
[41,48,34]
[31,33,38]
]
[
[0,0,0]
[42,29,16]
[45,30,47]
[29,33,33]
[27,24,46]
[31,47,37]
[44,35,32]
[24,35,28]
[34,38,17]
[37,23,31]
[23,47,30]
[26,45,27]
[23,17,20]
[20,38,37]
[23,27,49]
[48,38,21]
[34,23,45]
[36,48,37]
[49,21,35]
[18,48,37]
[18,19,18]
]
[
[0,0,0]
[32,48,23]
[34,30,30]
[31,45,35]
[17,41,42]
[34,40,35]
[40,29,25]
[26,36,46]
[24,48,32]
[26,25,23]
[46,40,47]
[21,39,46]
[25,35,41]
[40,38,25]
[26,44,43]
[32,47,49]
[46,22,22]
[29,46,19]
[43,45,37]
[30,45,26]
[37,46,31]
]
[
[0,0,0]
[26,22,49]
[30,38,25]
[38,31,23]
[21,39,44]
[39,37,24]
[40,35,20]
[46,33,22]
[43,39,32]
[18,21,19]
[43,48,26]
[39,28,20]
[36,22,23]
[48,43,34]
[27,27,24]
[39,36,35]
[33,44,27]
[38,24,42]
[25,37,29]
[45,26,42]
[22,31,24]
]
[
[0,0,0]
[48,40,35]
[34,47,48]
[44,29,47]
[46,42,36]
[24,34,49]
[43,45,22]
[30,28,23]
[31,40,34]
[31,47,24]
[46,32,18]
[48,41,36]
[40,21,41]
[42,24,37]
[38,30,50]
[31,48,20]
[44,39,29]
[41,18,19]
[19,23,18]
[42,29,36]
[26,35,28]
]
[
[0,0,0]
[40,37,25]
[46,29,42]
[47,49,26]
[40,17,35]
[39,41,41]
[36,24,44]
[26,18,46]
[40,20,41]
[49,49,19]
[31,29,26]
[26,41,50]
[50,44,24]
[49,24,43]
[18,34,28]
[42,31,21]
[36,42,23]
[46,20,34]
[30,31,22]
[22,40,37]
[44,18,44]
]
[
[0,0,0]
[37,45,32]
[50,31,40]
[20,35,30]
[39,49,44]
[47,33,38]
[46,37,42]
[39,44,49]
[28,33,46]
[41,38,40]
[28,27,41]
[29,33,35]
[16,23,33]
[43,26,43]
[45,34,39]
[27,49,32]
[44,49,38]
[47,41,36]
[31,44,36]
[20,43,27]
[19,48,45]
]
[
[0,0,0]
[20,41,39]
[18,24,48]
[31,47,36]
[42,40,43]
[46,48,21]
[40,21,31]
[50,26,17]
[46,43,43]
[34,38,43]
[26,49,47]
[28,49,46]
[24,20,17]
[27,27,46]
[19,31,34]
[49,41,45]
[21,31,44]
[25,23,29]
[18,49,21]
[17,39,49]
[19,33,17]
]
[
[0,0,0]
[21,22,48]
[22,44,29]
[38,33,39]
[26,30,27]
[32,47,35]
[39,19,24]
[21,44,27]
[33,31,19]
[17,29,27]
[24,48,25]
[24,47,19]
[32,30,45]
[38,39,17]
[35,49,29]
[18,29,24]
[19,33,35]
[43,30,44]
[35,47,17]
[33,44,25]
[48,32,38]
]
[
[0,0,0]
[20,26,22]
[41,30,36]
[44,18,43]
[41,24,18]
[34,47,33]
[33,18,29]
[44,25,36]
[45,40,20]
[28,47,34]
[27,35,31]
[19,37,17]
[30,47,22]
[22,17,46]
[26,23,23]
[46,41,23]
[36,26,45]
[41,48,42]
[21,31,36]
[25,25,20]
[17,38,31]
]
[
[0,0,0]
[44,20,20]
[18,37,48]
[40,48,47]
[46,28,18]
[40,18,42]
[18,19,21]
[30,44,17]
[17,30,24]
[26,38,19]
[26,37,34]
[29,36,29]
[33,38,18]
[39,33,43]
[26,40,21]
[48,20,38]
[21,21,50]
[48,33,45]
[45,19,45]
[22,49,19]
[45,22,27]
]
[
[0,0,0]
[27,31,21]
[22,25,29]
[47,20,39]
[35,39,36]
[39,29,49]
[32,31,38]
[17,44,40]
[31,30,48]
[33,17,29]
[18,24,26]
[26,38,17]
[36,48,39]
[44,40,41]
[43,44,23]
[31,46,16]
[38,28,25]
[35,48,39]
[45,20,47]
[46,47,35]
[21,36,19]
]
[
[0,0,0]
[24,22,30]
[49,36,23]
[37,31,25]
[49,44,49]
[37,20,19]
[28,28,42]
[43,44,38]
[25,27,33]
[36,20,41]
[17,29,42]
[39,28,42]
[35,45,44]
[38,39,38]
[21,34,39]
[49,45,25]
[50,18,40]
[21,25,29]
[31,27,36]
[29,29,17]
[43,49,38]
]
[
[0,0,0]
[17,25,40]
[42,17,28]
[18,30,45]
[30,16,32]
[17,26,35]
[21,47,30]
[31,32,40]
[35,27,27]
[42,28,39]
[21,36,35]
[18,32,48]
[43,38,32]
[19,32,18]
[31,19,32]
[35,31,30]
[44,32,27]
[25,26,32]
[44,26,23]
[36,19,47]
[22,29,26]
]
[
[0,0,0]
[39,35,24]
[31,30,35]
[33,24,40]
[20,40,31]
[28,46,23]
[33,24,25]
[23,18,21]
[39,47,17]
[22,19,37]
[31,43,50]
[29,48,26]
[24,39,17]
[35,23,28]
[27,30,22]
[23,45,46]
[28,37,20]
[46,19,34]
[21,19,34]
[23,43,17]
[34,19,49]
]
[
[0,0,0]
[22,37,32]
[45,17,24]
[41,39,31]
[42,26,40]
[31,30,38]
[39,49,43]
[17,49,49]
[20,46,50]
[33,22,35]
[25,18,40]
[36,47,25]
[47,47,22]
[36,48,20]
[37,43,19]
[48,32,29]
[20,36,24]
[26,17,23]
[30,47,37]
[25,45,28]
[43,42,45]
]
[
[0,0,0]
[17,34,25]
[38,41,41]
[44,28,30]
[17,27,20]
[25,40,28]
[24,23,17]
[20,26,21]
[36,32,32]
[25,17,43]
[40,23,45]
[31,18,38]
[30,26,42]
[30,44,24]
[45,25,41]
[38,43,20]
[49,26,19]
[40,25,30]
[34,30,33]
[36,22,32]
[30,49,49]
]
[
[0,0,0]
[48,20,20]
[47,19,40]
[19,36,37]
[27,34,21]
[22,44,27]
[45,28,40]
[20,39,41]
[35,25,45]
[39,36,24]
[20,19,22]
[25,20,33]
[45,40,42]
[32,24,28]
[18,47,40]
[22,21,35]
[45,20,19]
[25,24,33]
[21,45,38]
[20,22,37]
[40,27,22]
]
];
d = [0,501,418,506,493,372,433,511,522,508,527,390,529,491,469,380,401,520,414,454,406];
tP=[0,90,57,85,12,24,14,19,51,34,54,67,4,96,94,8,27,36,1,4,68];
eP=[0,78,97,15,93,49,38,70,61,57,93,95,87,56,43,91,88,5,98,79,42];
