3
20
112 129 82 
117 137 133 
121 65 63 
146 108 67 
66 82 68 
87 149 116 
94 52 79 
74 104 50 
71 123 64 
70 128 123 
74 146 141 
145 52 70 
72 107 57 
92 86 75 
78 120 149 
106 135 61 
113 126 87 
140 140 87 
78 50 124 
134 148 113 
18 29 29 18 46 19 17 22 22 39 40 21 22 19 41 41 45 46 45 29 
28 17 25 21 31 26 48 21 38 29 31 17 22 47 22 25 28 44 35 45 
39 34 20 19 18 23 28 47 47 38 20 33 48 40 34 42 35 40 43 32 
37 40 17 47 46 33 46 42 25 17 40 26 23 23 28 43 19 31 26 36 
38 39 18 46 23 27 28 26 32 27 36 36 30 25 32 25 23 41 21 21 
16 42 35 35 33 44 25 21 31 24 42 38 35 42 23 26 37 22 45 29 
46 47 47 20 19 23 48 26 44 41 17 46 18 25 25 20 23 17 32 31 
44 44 46 37 19 34 26 23 23 46 33 47 25 24 21 34 27 44 40 23 
22 18 23 24 20 26 47 32 29 18 49 29 20 40 40 30 40 46 29 40 
32 25 38 43 37 27 49 22 26 25 37 23 32 24 48 16 34 29 25 25 
20 22 40 47 32 45 49 33 18 29 18 43 25 23 42 24 22 20 31 26 
40 35 41 38 25 27 34 19 17 39 18 33 34 28 41 42 36 43 43 26 
34 17 49 37 29 19 41 17 34 21 44 39 26 18 21 35 43 42 17 44 
33 36 30 25 20 25 25 46 17 17 36 38 21 23 43 20 39 22 28 26 
17 39 21 22 24 46 22 31 23 33 17 40 28 24 34 25 47 29 22 26 
20 46 29 45 28 18 48 47 30 32 22 31 24 18 39 41 21 17 39 20 
31 30 49 36 43 32 37 17 31 31 44 22 42 28 24 36 30 43 21 33 
39 41 36 24 44 21 43 37 22 20 40 48 40 44 31 40 36 17 19 23 
36 22 47 23 49 29 23 30 17 38 43 37 27 39 22 25 38 21 19 43 
27 47 30 34 24 32 45 28 45 44 48 16 41 19 43 19 48 26 17 24 
44 36 43 42 47 38 20 37 19 43 40 38 21 17 20 21 17 35 30 35 
32 40 37 18 29 46 43 29 22 33 39 25 38 46 37 25 20 24 22 40 
35 33 48 48 32 32 39 46 48 21 21 22 24 28 40 32 38 37 21 37 
23 31 39 18 39 27 34 24 20 29 39 37 31 16 21 18 37 46 24 47 
29 41 32 16 40 26 27 19 29 37 41 34 46 47 46 47 49 22 23 21 
34 39 45 27 20 20 37 24 40 18 46 44 35 26 39 31 19 31 32 47 
26 25 34 41 19 30 34 33 27 48 30 25 30 43 29 32 23 43 24 37 
27 19 18 33 40 20 18 23 28 42 39 23 30 23 46 32 18 43 32 35 
18 46 18 37 36 29 23 24 28 35 45 46 26 38 39 47 49 29 42 24 
41 20 19 22 45 43 28 41 40 31 37 24 34 26 36 25 20 49 36 35 
44 44 22 37 46 45 44 36 17 40 35 20 30 25 32 34 39 45 35 33 
42 27 43 22 35 28 28 30 22 28 33 32 43 47 47 37 20 37 43 44 
32 18 23 32 26 34 42 44 21 31 37 31 23 30 39 28 21 16 33 25 
18 49 17 43 34 49 18 44 29 25 48 39 48 42 32 41 28 28 41 30 
22 21 29 36 16 35 49 44 35 28 17 42 33 46 28 22 16 30 34 49 
25 27 27 41 23 18 26 25 16 18 16 29 18 33 24 34 23 29 21 43 
34 20 46 47 22 37 40 49 41 27 17 17 41 41 18 30 29 32 21 29 
39 23 17 46 27 37 22 38 17 29 44 18 46 24 43 47 37 34 43 16 
47 27 16 32 32 18 32 32 44 48 43 22 47 45 41 38 19 24 44 43 
31 35 24 32 22 17 42 49 20 26 22 46 39 40 24 20 31 20 18 40 
45 41 20 49 29 25 22 45 29 41 20 48 47 18 49 17 43 28 24 22 
19 40 24 25 38 38 22 49 42 42 44 47 49 47 23 35 30 40 27 17 
49 38 45 31 26 17 48 39 21 21 29 33 37 39 23 40 45 42 48 33 
46 21 21 23 24 48 46 26 35 45 31 30 21 31 41 23 22 18 44 47 
27 20 39 29 27 36 33 27 43 48 32 17 46 45 27 26 43 36 31 41 
37 46 33 37 20 24 38 28 25 30 22 25 39 42 33 21 25 38 23 25 
38 32 37 30 19 35 46 31 18 45 24 27 44 26 39 21 26 22 48 16 
23 48 38 21 49 38 29 19 26 45 48 43 19 21 16 17 46 47 19 26 
32 39 22 29 21 41 34 40 22 41 29 29 34 45 35 16 38 44 22 30 
40 46 49 27 42 18 40 49 17 36 24 22 24 23 47 32 18 27 19 28 
19 33 49 18 44 20 35 38 24 36 34 44 46 31 30 46 45 24 32 34 
39 36 43 33 41 47 39 41 29 40 24 16 34 49 24 37 31 39 40 45 
23 36 45 17 33 42 44 44 45 42 48 41 27 46 31 38 35 38 17 45 
37 21 32 28 40 47 36 31 46 32 37 23 49 45 23 34 37 30 23 38 
38 20 27 35 30 25 32 39 33 44 49 47 23 49 44 43 49 37 24 41 
21 21 20 23 22 35 35 18 32 23 40 24 16 37 24 45 39 28 26 45 
20 30 39 39 23 19 21 43 17 39 48 47 39 29 43 38 21 33 32 37 
18 36 25 24 41 29 40 47 26 49 34 48 24 29 42 23 29 22 26 29 
49 48 31 21 18 28 25 22 39 25 40 29 26 23 17 42 22 23 40 25 
35 42 48 48 48 23 31 29 21 31 19 47 47 36 41 22 35 28 19 23 
403 502 506 390 484 502 481 488 527 492 408 391 513 500 525 528 524 465 527 515 
93 49 80 19 47 68 13 27 52 89 1 93 8 15 79 85 98 64 15 14 
43 74 32 75 63 94 4 35 68 2 95 94 28 47 46 12 45 84 18 5 
