3
20
53 111 90 
124 55 93 
119 123 67 
83 105 101 
100 142 87 
149 55 66 
83 129 112 
51 50 131 
116 116 90 
134 71 101 
120 136 117 
139 88 83 
140 62 66 
79 125 70 
55 126 80 
66 99 105 
127 130 110 
82 137 75 
83 59 66 
130 148 135 
43 48 43 16 38 43 20 44 34 22 44 26 44 49 37 35 24 43 31 35 
31 22 34 38 21 37 31 22 18 35 35 19 31 44 22 20 40 29 46 30 
47 48 37 18 26 32 37 22 25 29 35 26 46 44 23 48 36 22 44 38 
19 49 41 41 32 17 22 46 48 45 39 49 28 39 40 26 38 21 30 33 
27 18 48 28 37 34 42 42 32 46 40 16 17 20 17 45 30 37 32 31 
39 35 40 31 33 45 48 48 44 26 19 44 21 39 25 44 30 39 41 27 
20 38 30 31 28 31 26 46 32 24 23 27 17 47 17 47 46 40 26 28 
40 44 42 19 30 35 49 44 27 35 17 46 41 18 46 44 41 35 40 19 
40 45 27 48 31 16 17 35 43 25 33 43 17 36 32 29 24 35 42 28 
30 47 42 36 34 33 43 31 22 17 22 31 35 24 46 37 30 20 21 23 
18 29 28 33 41 23 33 17 32 27 18 22 30 41 21 28 37 36 34 46 
24 18 26 37 30 20 45 29 34 44 17 38 31 33 40 40 36 19 46 39 
43 45 46 47 17 25 36 21 36 40 37 37 48 42 40 28 37 16 21 29 
38 27 33 46 23 25 23 16 47 39 31 41 36 30 49 42 20 34 48 31 
49 48 32 19 42 39 29 44 42 19 38 37 30 36 30 45 42 31 47 17 
37 21 33 48 32 32 21 48 32 41 33 48 29 23 21 43 31 22 30 39 
18 31 47 36 46 26 17 18 42 28 35 27 36 45 34 32 39 17 43 38 
36 25 26 37 28 33 40 22 41 33 43 43 16 30 42 27 41 40 29 43 
30 22 35 33 20 40 33 45 16 21 45 32 41 38 44 43 49 37 31 44 
16 46 45 44 31 27 23 47 26 16 22 40 43 43 42 38 42 24 44 39 
44 46 45 35 31 49 47 43 31 18 37 22 17 18 31 36 39 29 43 46 
19 35 37 16 45 44 19 44 30 19 26 16 34 25 22 34 49 30 45 36 
46 17 28 48 28 38 43 47 17 47 17 21 36 42 44 34 27 39 38 20 
34 48 35 28 48 32 41 27 26 18 40 40 40 46 44 35 34 28 30 38 
28 42 16 48 25 18 27 46 48 26 17 37 43 33 32 48 27 36 48 29 
20 20 16 37 39 42 37 17 49 45 22 48 23 48 32 26 40 46 35 42 
20 40 39 49 42 39 22 21 26 28 33 22 24 19 34 20 45 30 29 37 
41 33 47 45 47 36 20 33 21 34 26 31 31 21 48 46 18 24 42 45 
25 21 17 42 25 33 38 47 28 25 43 42 43 36 20 20 21 22 44 48 
23 31 32 41 17 21 47 19 33 29 23 42 47 27 32 48 30 38 31 17 
31 48 39 41 26 37 35 20 29 45 36 27 45 33 48 21 33 24 40 27 
46 17 23 29 25 43 19 24 33 39 30 31 18 41 29 23 33 22 48 22 
23 26 31 38 43 17 24 17 39 33 20 49 35 46 37 27 29 47 31 31 
34 18 33 19 26 34 33 34 30 34 18 26 23 31 35 21 38 29 29 31 
25 39 24 31 36 21 18 24 16 28 42 29 20 47 16 27 32 48 41 41 
24 20 30 37 36 43 46 47 16 37 26 41 46 28 38 25 18 18 35 31 
16 32 36 39 31 22 18 46 20 40 20 27 33 34 30 42 46 43 43 17 
21 29 24 49 28 31 38 17 33 19 45 27 24 49 37 21 28 29 26 27 
31 22 25 37 19 40 30 16 43 34 16 43 33 26 38 47 23 18 40 45 
46 22 34 37 37 37 39 20 37 23 36 21 49 26 23 26 40 26 19 39 
34 40 44 34 16 24 49 46 30 26 29 23 34 25 35 20 32 26 24 21 
41 47 29 47 31 40 25 19 36 21 25 24 21 40 42 18 44 19 20 37 
33 37 22 29 29 16 27 35 20 25 44 16 39 30 44 49 46 21 19 43 
30 32 41 17 28 22 16 19 32 45 41 21 38 29 17 16 39 45 30 44 
34 46 21 44 47 49 37 42 21 47 22 38 26 44 37 43 28 34 34 29 
44 39 24 28 31 31 39 24 38 30 21 29 41 25 44 38 49 48 40 26 
28 48 32 40 39 37 35 20 23 19 27 26 44 29 32 36 28 24 35 30 
38 40 17 43 46 28 18 48 45 22 36 44 48 44 28 36 27 37 35 21 
18 17 45 40 21 23 26 29 17 19 41 17 27 24 36 47 47 26 48 41 
18 40 34 48 42 19 40 36 48 48 16 43 19 17 42 18 19 40 44 36 
29 32 25 40 27 44 33 41 30 46 36 39 35 23 24 40 33 48 29 45 
42 25 37 46 26 44 42 36 45 18 29 43 23 17 38 43 46 18 41 18 
36 34 19 33 25 47 44 21 21 23 42 17 33 18 19 42 42 22 18 18 
23 30 29 48 44 30 40 44 24 33 29 48 42 20 39 45 35 36 43 48 
22 23 45 42 30 29 39 19 21 49 35 29 47 40 34 20 26 35 36 32 
29 45 21 46 43 33 40 20 23 19 34 37 31 25 24 49 46 41 25 43 
24 45 45 45 17 33 32 34 30 22 17 36 23 41 38 41 17 46 24 35 
31 34 46 29 40 30 36 48 19 22 25 35 19 39 49 33 42 29 33 23 
33 32 41 42 43 18 41 22 24 45 19 46 27 40 49 48 25 19 27 46 
39 42 32 19 22 35 41 30 30 22 31 24 18 22 34 45 43 30 45 33 
375 527 507 486 496 518 488 485 482 455 523 463 518 464 478 411 485 434 483 524 
30 29 99 21 79 72 23 44 64 61 23 3 16 58 48 48 41 5 23 9 
0 66 13 27 42 46 52 0 73 43 6 41 11 48 80 73 83 19 42 0 
