3
20
109 142 65 
57 105 56 
52 64 122 
75 103 113 
122 120 128 
115 99 97 
139 62 138 
89 134 148 
53 148 147 
143 146 70 
92 146 146 
140 51 122 
90 86 51 
59 110 96 
125 94 86 
114 96 115 
135 116 122 
58 95 117 
129 83 93 
143 81 50 
38 30 43 41 25 44 21 41 26 44 17 39 26 25 18 31 22 24 24 30 
41 29 44 23 31 29 41 22 41 23 42 26 42 23 39 51 48 42 34 37 
31 37 46 32 45 33 40 29 32 46 42 21 46 47 20 26 23 40 25 45 
32 30 42 26 47 31 42 23 26 26 38 49 23 21 49 21 47 29 43 47 
18 31 19 37 26 33 27 39 49 50 25 19 44 46 26 17 24 34 47 26 
41 23 43 48 21 43 19 44 34 24 32 18 41 23 32 33 21 29 26 22 
31 41 38 19 31 33 38 33 38 50 49 30 27 34 30 36 18 36 26 41 
49 29 27 51 41 31 47 33 30 39 30 26 22 25 43 37 46 17 23 18 
50 33 50 34 37 17 26 37 44 40 42 19 40 50 21 48 31 44 38 20 
35 28 37 19 38 18 34 44 47 50 19 38 42 25 47 29 26 23 42 25 
32 35 20 17 46 46 43 50 49 38 49 41 37 47 18 27 29 24 36 29 
49 32 31 39 46 30 26 43 30 24 31 36 41 35 40 48 50 36 29 34 
50 38 20 43 25 44 45 41 38 21 44 48 18 38 34 39 41 49 36 45 
43 31 22 47 34 48 23 42 44 48 42 45 23 46 32 37 34 45 51 38 
17 38 27 36 44 20 30 44 36 46 27 48 33 40 50 36 48 45 42 19 
36 34 24 42 38 49 20 51 26 44 42 49 37 19 24 51 38 43 43 45 
19 22 41 29 44 34 36 50 28 42 48 46 28 44 28 43 25 29 33 32 
32 36 47 18 23 50 19 28 32 43 49 28 22 43 39 46 25 48 50 39 
44 20 19 44 43 17 24 27 22 25 28 30 20 22 45 25 41 36 30 41 
29 47 24 51 18 19 39 42 19 46 26 46 39 19 26 47 48 43 18 26 
36 27 51 43 50 29 24 32 23 18 29 46 41 48 32 30 37 18 23 43 
41 44 49 27 34 43 47 18 35 36 34 47 31 50 45 50 23 27 36 47 
36 37 48 50 31 38 45 44 49 40 31 22 42 35 50 17 26 38 17 26 
30 44 51 38 50 44 48 40 27 34 31 27 20 49 19 46 38 35 47 34 
25 30 48 34 51 30 43 43 39 48 39 44 17 46 39 35 44 25 21 32 
33 17 29 24 45 22 29 27 24 31 51 18 46 44 44 37 45 27 43 28 
41 41 37 38 37 33 47 48 19 34 23 19 51 51 47 40 26 38 39 42 
21 43 42 18 34 51 20 42 47 41 45 30 42 49 20 26 21 34 49 47 
45 42 27 33 50 26 38 49 37 23 24 19 37 31 45 49 19 37 26 18 
43 23 27 31 35 47 24 47 46 40 51 36 46 35 42 46 30 32 49 42 
44 45 17 48 36 44 21 30 24 34 24 28 28 37 50 46 39 36 21 28 
49 45 24 29 36 33 47 47 25 50 38 33 23 25 21 45 38 19 17 31 
38 35 22 44 48 29 40 44 21 46 47 46 32 28 25 32 24 22 34 30 
22 42 50 49 23 47 40 19 19 40 46 26 24 38 22 35 17 25 37 32 
27 30 20 40 31 39 48 38 28 31 18 20 50 41 46 21 30 26 42 33 
18 20 47 27 46 18 36 41 21 50 35 27 18 21 31 23 27 27 23 27 
33 39 35 42 45 47 30 27 42 30 40 33 27 49 27 18 50 51 18 32 
47 28 38 26 18 45 37 19 42 18 26 43 20 35 32 27 30 37 40 31 
22 33 42 39 43 21 34 42 48 30 32 35 28 42 21 26 37 49 33 48 
29 22 22 46 46 50 50 43 28 44 41 41 24 17 40 25 45 35 40 49 
17 50 30 17 38 35 37 44 28 43 38 44 17 24 22 35 17 26 33 43 
51 51 40 32 22 51 51 18 31 38 38 31 29 33 39 22 47 51 26 49 
32 47 38 35 22 47 20 24 22 38 21 40 34 18 35 22 26 29 17 36 
41 36 45 29 33 28 21 37 25 29 38 42 20 35 34 43 38 21 24 42 
19 40 19 18 48 30 35 50 24 43 35 34 47 34 43 43 36 32 48 47 
26 24 30 35 18 43 28 34 31 38 44 23 20 34 32 20 40 38 36 21 
51 38 38 21 20 18 31 22 39 22 38 19 37 18 33 42 32 32 20 47 
49 30 45 32 33 45 49 33 34 19 19 48 46 25 37 33 47 18 23 30 
28 40 49 43 39 51 37 43 22 34 51 26 34 38 46 31 18 33 35 32 
22 45 42 42 35 33 25 25 38 40 47 50 34 35 38 23 49 22 39 28 
18 42 40 29 44 17 24 24 25 48 32 23 48 49 25 34 47 26 35 27 
30 38 18 26 32 32 30 43 25 41 42 48 36 38 17 43 51 48 37 43 
28 28 28 25 43 47 22 21 35 44 25 24 17 39 34 31 24 30 32 43 
29 37 26 32 43 28 50 46 46 24 32 36 44 44 42 35 34 28 27 36 
48 41 19 27 27 32 25 51 22 43 48 23 48 29 27 27 28 26 43 37 
23 18 25 39 18 36 48 27 29 48 22 41 38 35 46 37 40 33 31 30 
43 24 46 20 31 23 25 35 20 37 27 48 32 21 32 18 30 48 41 32 
34 42 41 48 46 31 21 27 46 31 39 21 42 21 25 48 43 26 37 30 
36 17 41 25 41 51 51 21 27 17 43 20 30 36 29 31 21 26 51 32 
19 39 39 32 27 48 26 23 40 33 25 49 46 20 33 24 46 41 17 38 
501 435 532 427 544 465 487 520 510 440 498 507 520 529 539 519 540 550 539 499 
40 32 52 69 40 51 15 94 89 54 56 91 15 64 76 16 47 40 92 71 
86 33 90 96 34 9 39 36 99 30 91 58 83 95 27 3 92 46 92 20 
