3
20
72 75 96 
57 63 89 
128 85 94 
131 114 84 
129 136 95 
99 52 50 
140 137 56 
147 89 121 
92 55 80 
118 114 60 
113 112 72 
98 116 91 
112 102 90 
149 136 131 
93 131 98 
85 143 64 
134 65 122 
109 116 106 
64 120 137 
136 89 95 
18 43 38 46 42 17 48 49 43 34 37 42 20 21 30 21 46 45 28 17 
28 46 43 21 45 50 18 49 32 40 30 30 45 49 27 42 18 39 50 30 
23 48 25 21 48 35 19 41 26 47 49 38 37 38 28 21 35 21 21 44 
46 37 30 24 37 27 41 29 24 39 25 49 23 27 46 19 19 44 31 36 
44 47 24 23 43 46 19 28 25 18 21 39 27 45 43 48 35 22 38 25 
27 34 28 21 28 23 26 21 48 31 36 37 32 39 40 20 22 42 18 33 
18 29 48 31 42 37 30 23 18 39 20 25 39 40 49 17 39 45 26 42 
26 42 44 48 30 38 18 38 17 35 49 46 19 34 25 47 45 46 19 37 
20 40 35 33 46 47 32 31 37 28 50 31 30 24 48 50 32 21 48 47 
32 20 45 38 49 42 27 49 23 26 22 38 19 50 44 41 41 44 46 21 
29 39 38 47 43 26 42 18 47 32 33 30 37 38 25 19 45 31 38 24 
24 44 20 29 33 36 41 46 25 17 19 34 27 24 37 48 40 24 45 38 
38 35 46 37 48 49 35 37 23 39 27 34 47 49 30 22 27 31 39 41 
29 24 29 29 41 36 40 17 28 38 36 40 25 37 17 50 39 33 37 30 
37 22 22 19 50 21 39 41 28 28 36 21 31 38 19 47 42 28 35 38 
18 37 34 33 46 26 38 17 43 20 32 44 48 26 37 39 26 24 23 24 
44 19 23 21 26 38 36 23 43 31 31 32 46 44 42 18 39 44 41 42 
17 42 37 41 37 30 27 17 31 34 31 16 30 41 26 39 31 42 34 36 
40 36 26 17 25 24 47 46 19 38 48 30 25 36 23 24 24 33 33 40 
41 44 19 22 30 34 39 22 31 46 24 38 44 48 48 36 19 31 48 41 
19 20 36 23 50 25 43 37 35 47 22 49 25 39 17 38 20 34 43 42 
43 36 36 24 44 21 34 24 17 26 38 43 40 37 31 40 27 32 48 36 
32 36 47 17 26 25 50 35 32 46 24 34 37 46 42 41 47 31 32 21 
46 30 17 22 45 40 27 21 45 43 37 39 30 23 37 33 50 17 17 33 
19 23 45 49 21 20 41 41 29 23 21 29 35 27 21 26 28 40 33 49 
21 38 26 46 49 17 37 23 23 45 32 35 26 27 43 45 47 23 31 39 
28 38 33 33 48 40 21 49 21 35 36 18 26 43 38 42 41 31 21 20 
39 35 18 20 40 48 21 24 41 17 41 22 40 41 25 46 24 43 34 35 
19 39 32 33 40 37 29 31 31 26 49 34 29 27 31 23 40 19 24 44 
29 18 24 20 27 32 43 48 28 24 39 21 33 29 43 29 20 23 28 25 
27 21 20 37 23 38 42 49 36 23 20 28 49 30 36 29 38 26 23 40 
45 50 40 30 27 27 32 22 21 24 46 26 37 40 22 19 46 34 33 33 
34 19 23 34 30 46 47 34 28 44 30 45 47 37 29 27 29 26 29 43 
36 26 29 30 38 49 36 24 17 42 44 43 22 36 24 18 48 36 36 50 
24 44 40 37 33 41 32 30 49 25 37 41 32 34 20 31 40 18 25 20 
37 33 42 49 22 45 29 43 28 28 21 28 41 29 37 24 48 45 26 19 
39 38 38 32 18 27 30 37 34 37 33 17 36 24 18 45 23 38 45 33 
47 46 33 47 20 28 41 34 42 23 32 25 26 44 49 20 19 32 47 22 
46 32 18 26 40 46 49 40 20 19 29 30 17 45 32 31 27 24 19 41 
37 23 46 26 25 44 46 28 32 29 25 35 33 30 36 21 44 21 32 24 
27 35 28 30 45 29 29 31 18 46 37 39 33 41 22 18 23 35 36 37 
21 42 44 26 16 24 24 17 20 18 35 44 33 40 44 27 25 38 24 24 
44 47 47 17 33 50 50 27 36 48 30 31 49 24 47 40 32 23 33 17 
45 49 19 20 34 18 19 29 19 43 40 39 37 18 21 17 25 33 17 32 
48 29 33 25 26 36 18 30 47 34 30 39 21 37 35 37 37 31 26 18 
31 25 44 49 32 49 33 22 23 25 46 27 18 39 34 21 27 49 35 31 
23 23 44 44 26 32 25 49 42 20 31 22 38 18 32 40 35 18 32 32 
43 29 31 23 34 50 43 19 18 31 33 25 20 21 19 47 49 29 43 47 
30 39 33 17 49 34 34 23 31 45 41 41 45 40 28 34 38 20 37 30 
31 46 37 29 44 35 50 33 50 30 34 50 30 40 47 18 50 27 18 50 
31 27 21 22 38 44 43 21 27 49 40 28 32 47 44 48 26 31 42 48 
21 17 42 26 19 24 24 36 47 28 39 43 32 39 49 25 36 27 36 34 
33 30 23 21 18 25 40 39 28 30 34 27 30 29 38 27 44 40 19 48 
28 36 30 33 18 27 28 43 39 29 31 38 36 26 34 48 35 28 30 23 
41 48 46 43 23 50 43 31 35 21 28 37 28 28 36 32 30 49 19 28 
18 26 30 35 28 38 45 32 19 18 42 27 28 32 45 48 23 35 41 25 
46 34 38 45 31 36 17 21 19 27 37 42 36 41 44 47 47 27 38 33 
43 43 33 43 17 22 49 38 20 20 49 30 19 31 47 33 21 41 38 46 
37 33 29 19 19 40 22 44 19 37 30 47 27 44 18 26 25 43 35 45 
44 31 21 37 35 49 33 49 42 32 49 49 35 25 21 36 31 27 32 21 
513 530 526 439 518 491 518 471 536 444 377 540 489 501 407 524 435 533 506 369 
9 74 13 52 91 73 62 98 34 5 67 21 44 66 88 40 41 43 64 19 
13 24 99 95 47 0 56 5 76 74 25 10 58 5 18 24 90 48 47 38 
