3
20
114 142 85 
79 79 90 
51 89 58 
136 82 135 
69 126 99 
67 76 122 
61 120 74 
133 135 95 
142 91 100 
93 138 67 
125 98 91 
99 114 143 
101 50 86 
101 65 82 
144 99 84 
62 140 104 
79 112 69 
80 149 93 
57 111 102 
58 115 144 
19 46 23 38 28 37 25 27 38 43 24 22 35 29 36 29 34 19 32 46 
39 28 34 22 18 29 30 30 47 20 27 43 29 37 27 21 20 42 17 24 
39 34 36 22 32 47 38 30 47 30 37 20 28 39 39 41 23 38 41 28 
45 47 34 25 20 42 49 29 21 37 20 34 38 47 35 47 36 27 48 35 
41 25 37 48 44 48 25 24 26 48 34 27 43 29 37 43 22 40 32 32 
23 30 18 42 47 26 37 24 25 42 35 43 20 43 18 43 48 29 25 46 
45 36 36 39 38 20 27 44 17 28 17 30 37 45 21 24 28 34 24 29 
44 19 22 32 40 40 25 28 46 17 28 47 40 36 43 31 42 39 47 42 
27 24 16 28 29 21 38 25 24 27 38 33 21 24 39 42 39 34 40 25 
21 38 46 41 23 43 19 45 39 27 20 38 47 16 28 20 22 31 43 44 
19 30 19 28 27 31 47 25 37 22 36 40 46 45 22 42 46 40 35 18 
47 16 39 45 17 17 27 16 44 31 30 29 25 38 35 46 44 30 42 44 
44 37 32 31 41 25 19 30 28 21 42 48 23 48 44 20 30 26 29 44 
26 38 32 43 47 39 46 37 41 43 28 44 16 23 32 41 26 19 17 25 
30 29 35 38 41 25 34 40 32 35 29 26 23 17 24 46 26 24 19 44 
21 47 34 31 41 32 36 48 28 17 47 28 27 34 37 42 16 35 19 20 
44 42 19 29 28 48 29 43 20 38 29 22 17 46 46 27 17 20 22 24 
27 25 36 23 34 18 47 24 33 28 22 37 39 40 40 24 20 31 32 47 
31 34 41 36 25 38 35 31 20 31 44 24 37 40 25 30 31 38 48 25 
16 26 17 31 19 43 17 23 17 36 40 16 37 39 19 28 43 39 35 26 
26 38 33 33 40 41 36 18 35 28 25 35 45 41 38 47 41 31 28 19 
44 19 47 26 30 29 22 33 29 36 30 24 39 45 37 41 17 42 37 21 
46 43 34 44 41 43 39 19 46 23 23 39 40 30 40 29 39 44 34 27 
17 21 43 18 23 44 45 38 24 32 21 21 34 45 35 32 30 27 22 25 
32 38 46 39 39 42 49 42 47 44 44 26 26 35 39 16 46 37 46 34 
19 18 26 21 30 35 38 35 16 24 43 28 35 21 29 33 26 40 36 19 
29 42 25 22 29 48 35 43 33 39 28 43 16 41 32 46 36 48 28 21 
23 23 25 44 16 17 36 41 37 39 30 28 24 43 27 28 42 19 16 22 
25 18 25 23 24 39 28 28 34 38 20 34 21 35 46 30 29 47 44 41 
32 48 34 34 19 30 43 30 48 27 29 23 45 48 35 32 25 48 24 26 
38 30 37 26 20 30 40 39 22 37 29 23 42 16 38 33 39 16 20 17 
27 16 16 34 46 35 48 29 23 44 39 26 27 43 22 17 44 45 28 26 
22 40 35 29 29 36 45 46 17 45 39 17 38 42 26 27 28 18 46 40 
42 31 28 47 45 31 18 37 40 43 38 18 22 46 43 28 48 43 39 36 
28 34 43 42 31 32 31 38 26 40 48 47 30 31 18 25 47 26 39 45 
34 40 26 30 45 28 24 31 22 42 19 23 45 19 35 44 43 48 18 22 
17 41 29 34 30 24 20 31 20 25 40 17 31 42 37 31 18 27 22 23 
23 45 20 48 28 46 21 40 29 35 24 17 31 40 46 25 41 18 17 42 
46 16 23 43 48 23 45 38 16 20 25 25 29 23 38 40 22 38 24 48 
39 29 47 44 31 46 42 19 39 41 23 43 38 16 31 42 30 48 33 25 
23 22 33 42 25 26 24 28 34 35 46 37 34 21 30 28 42 27 22 37 
49 33 21 44 17 48 41 36 36 35 17 42 24 33 44 45 38 46 28 25 
49 40 33 43 48 22 17 44 21 29 38 47 23 44 41 34 35 29 38 47 
40 23 38 41 47 28 37 31 24 29 48 22 17 47 18 30 18 37 24 17 
31 36 18 27 24 46 46 17 35 28 21 29 30 19 40 39 45 19 45 22 
20 48 20 27 26 35 34 32 28 16 48 28 26 38 29 32 25 23 28 47 
24 37 31 37 24 21 45 31 17 24 22 48 48 33 16 39 37 47 43 26 
27 42 19 22 46 39 31 18 37 22 41 48 16 18 43 49 23 42 45 37 
34 20 23 27 17 29 19 34 38 34 34 21 20 36 24 35 18 42 21 19 
29 31 17 33 18 19 38 22 43 20 31 31 21 26 34 21 40 40 39 29 
31 49 32 19 34 29 40 19 32 39 26 22 41 17 19 36 30 38 48 22 
20 25 30 35 30 35 31 45 24 42 38 46 37 41 16 22 32 44 17 46 
25 17 46 30 46 43 29 21 42 23 44 35 20 48 22 37 34 17 19 40 
35 38 25 26 32 37 40 36 23 24 20 28 45 26 26 17 22 35 29 28 
21 18 33 48 29 31 25 31 20 36 19 23 40 23 35 47 30 47 38 33 
26 27 28 27 47 39 39 41 27 44 35 31 22 19 27 39 49 37 30 17 
31 36 18 48 19 25 40 20 47 29 30 41 37 40 34 28 40 38 19 19 
18 26 24 35 24 28 23 44 36 29 33 30 48 38 36 41 22 48 44 21 
26 19 37 47 36 24 19 36 38 16 26 22 16 26 24 16 31 31 24 32 
16 23 21 17 40 43 35 42 38 36 45 38 17 36 42 47 37 40 37 28 
372 406 509 429 427 480 476 374 475 485 492 485 413 395 477 505 508 524 517 504 
90 37 52 40 2 45 92 69 26 69 74 3 24 61 44 5 32 3 39 35 
77 33 41 90 6 11 35 83 63 2 18 30 59 51 98 14 20 99 72 18 
