3
20
114 97 51 
144 104 81 
97 58 95 
116 106 59 
95 140 59 
61 110 142 
73 82 66 
84 126 103 
124 146 126 
55 54 136 
52 83 70 
117 53 59 
128 136 147 
97 121 97 
133 103 111 
149 72 100 
134 98 134 
148 114 145 
60 57 122 
110 118 95 
46 47 27 42 28 25 36 39 39 32 21 29 25 40 17 31 27 39 34 29 
26 31 47 45 37 23 24 46 26 31 47 50 43 40 43 41 29 37 37 45 
31 38 33 50 38 27 34 42 38 49 47 50 25 29 50 41 29 26 49 20 
48 41 50 20 48 30 30 25 30 38 31 34 40 31 49 37 27 31 39 22 
26 33 42 33 34 24 45 46 32 39 29 22 50 43 46 34 16 35 17 40 
28 47 42 28 45 34 44 43 21 37 35 44 38 46 28 38 36 20 34 18 
20 19 17 36 32 43 19 22 28 49 28 46 29 44 25 22 36 46 45 50 
25 43 31 28 47 29 23 29 24 27 49 45 39 45 45 19 28 37 30 42 
39 38 32 31 45 19 21 37 50 34 31 20 26 44 44 30 46 47 46 26 
45 37 41 35 16 18 30 22 30 25 24 31 17 42 41 40 30 25 40 45 
24 45 23 24 25 24 34 36 43 28 22 37 32 18 38 17 48 42 32 19 
47 46 44 39 43 21 19 38 28 40 27 37 19 49 34 44 33 49 30 31 
43 46 21 30 31 21 49 40 22 35 45 19 41 40 49 40 21 45 23 20 
33 42 39 33 49 32 39 48 44 47 47 47 27 44 44 42 22 47 38 22 
28 31 35 40 46 32 45 45 41 18 29 31 47 20 22 35 19 23 50 47 
22 19 23 46 46 41 17 36 24 36 47 45 31 42 19 39 45 50 20 25 
33 19 29 20 25 32 36 47 49 39 26 18 24 32 27 18 22 31 22 31 
38 27 19 43 22 39 18 40 41 49 28 49 47 48 32 42 17 29 18 20 
20 25 37 43 30 17 42 16 24 38 44 40 30 22 39 47 50 34 48 44 
21 19 39 49 24 42 17 34 28 34 24 19 47 17 27 16 22 43 25 38 
17 39 50 45 24 30 37 28 21 44 30 37 39 28 37 47 25 45 17 33 
47 48 40 46 48 38 18 35 30 29 37 39 20 33 20 23 42 21 45 26 
46 22 28 20 33 40 21 37 22 35 17 31 18 46 44 30 29 33 32 19 
26 42 21 37 44 46 49 44 39 45 24 37 21 36 42 40 24 45 23 23 
40 48 27 46 24 32 31 33 39 22 43 24 19 20 18 40 31 47 49 32 
30 40 33 29 31 23 30 25 48 25 25 24 34 21 29 27 41 19 22 21 
33 21 44 40 37 20 24 31 37 44 40 25 42 35 36 47 41 43 48 35 
41 39 21 23 44 29 29 41 33 35 48 17 19 39 25 20 34 28 25 17 
28 45 42 16 22 41 23 42 48 21 28 22 19 34 24 26 26 17 26 29 
30 17 34 31 31 17 48 37 22 20 38 28 43 37 41 28 44 35 41 30 
34 20 30 21 46 45 43 29 24 17 46 41 38 37 35 22 27 46 44 18 
34 25 28 17 41 33 30 41 24 35 20 35 21 27 38 30 34 31 38 20 
46 31 22 45 28 43 41 46 47 49 43 26 33 33 34 42 45 31 33 46 
23 39 27 31 48 47 28 22 25 49 49 37 24 27 22 41 36 36 22 37 
26 20 46 40 25 42 31 46 41 48 25 28 36 41 47 36 40 37 16 32 
40 46 35 17 37 48 39 25 32 28 23 36 40 25 45 20 22 18 47 28 
41 26 35 32 47 29 39 39 36 18 42 29 46 49 17 35 24 49 31 16 
39 39 24 25 28 19 43 42 36 26 36 41 26 20 23 32 37 46 47 42 
43 26 30 48 21 36 35 40 24 27 40 39 49 31 50 34 26 33 21 40 
26 36 45 36 33 47 30 46 19 35 37 36 43 36 29 44 39 47 42 41 
32 44 38 33 27 26 46 32 40 41 48 28 42 39 43 17 41 29 39 20 
35 27 20 27 36 38 20 45 17 38 40 30 30 29 33 18 45 24 42 46 
25 28 24 24 20 37 31 40 44 29 38 28 33 27 41 33 25 38 40 21 
18 42 33 49 25 33 34 23 31 38 46 32 48 47 44 23 46 42 24 43 
23 35 38 42 20 18 20 20 46 50 41 18 47 36 38 27 29 38 36 31 
28 24 48 22 46 29 26 38 33 18 44 28 33 17 48 42 21 38 25 19 
32 19 24 44 34 24 22 37 44 27 40 28 20 38 40 34 38 24 18 18 
32 28 19 48 24 30 42 42 48 29 25 46 32 26 24 24 19 50 35 45 
28 21 48 29 39 49 35 40 39 39 19 48 31 24 25 33 48 19 20 16 
40 29 20 33 24 29 22 34 17 30 26 47 35 20 39 43 47 39 34 26 
48 47 28 43 47 47 37 32 28 38 25 38 22 43 39 34 45 50 48 34 
19 25 26 44 21 26 46 17 25 44 32 43 48 46 17 33 39 33 19 17 
45 39 20 24 23 46 18 40 26 30 42 26 37 43 50 21 41 42 45 21 
38 27 29 17 46 28 36 44 21 28 26 44 31 39 19 26 17 39 21 32 
38 42 40 36 27 32 27 42 38 36 21 35 36 42 25 50 22 43 26 27 
21 49 44 43 34 29 20 22 28 41 34 45 42 21 21 48 50 41 20 48 
17 25 37 21 42 22 48 46 19 20 46 28 49 43 40 23 31 24 45 25 
22 20 28 42 20 28 40 45 38 21 42 27 28 29 48 30 33 24 28 30 
41 21 38 29 34 32 22 18 39 20 31 28 25 40 45 28 42 34 29 23 
48 36 21 38 48 29 25 50 46 37 45 26 26 38 35 37 44 29 39 40 
506 495 524 518 502 537 538 504 525 429 527 489 512 528 498 447 538 507 510 406 
83 11 59 13 95 14 28 54 39 34 14 52 39 63 48 6 83 2 17 20 
13 8 19 75 12 11 45 75 30 33 66 36 91 74 96 95 71 72 19 33 
