3
20
84 103 52 
91 55 142 
111 78 127 
73 117 124 
85 146 107 
129 79 113 
85 137 119 
120 147 54 
66 70 124 
88 133 104 
113 104 53 
73 90 87 
112 137 112 
105 90 129 
135 125 142 
82 104 128 
106 106 56 
98 140 78 
88 107 119 
100 53 136 
48 47 46 17 41 24 20 24 49 51 27 18 43 36 35 36 22 26 50 36 
43 24 17 46 28 31 49 47 31 34 45 49 40 37 22 19 29 29 43 23 
25 31 47 19 30 49 27 44 24 17 43 51 32 48 46 42 32 48 23 23 
50 40 31 28 19 21 48 32 27 19 44 22 18 31 24 47 51 31 24 31 
24 21 19 19 22 36 30 17 47 32 21 31 50 23 17 18 23 36 18 28 
40 20 24 33 43 43 27 18 44 48 42 27 35 27 25 31 30 48 40 22 
36 18 43 23 24 24 51 27 21 48 24 32 46 25 28 45 37 33 40 22 
38 33 36 47 21 35 36 20 42 47 39 38 38 35 46 37 38 25 47 22 
40 49 46 46 41 39 26 42 50 49 32 41 28 41 43 45 31 23 27 29 
21 20 39 42 44 40 30 17 47 42 29 28 32 33 20 40 42 43 49 35 
50 23 22 49 48 42 20 49 32 32 41 36 20 50 36 40 27 39 27 19 
32 23 49 28 17 47 49 31 43 24 47 35 28 31 29 19 31 21 41 33 
26 43 36 36 37 43 42 41 38 40 31 23 43 22 37 43 36 43 18 22 
38 22 43 30 30 48 51 42 27 31 49 36 37 49 42 22 48 48 41 45 
44 51 42 48 46 51 46 17 35 20 25 26 25 46 43 46 34 49 33 40 
25 36 34 18 38 21 20 44 41 46 38 33 46 19 46 49 47 26 50 51 
42 27 43 28 50 28 37 36 35 23 34 42 43 45 46 24 28 23 43 40 
37 43 31 38 34 48 41 17 27 49 33 28 36 44 31 26 19 31 30 31 
42 24 41 50 34 46 44 29 39 28 31 50 42 44 45 18 21 48 33 29 
50 32 48 41 33 46 22 37 36 23 20 40 49 30 49 23 31 19 28 50 
27 18 50 29 43 30 48 44 48 38 49 25 42 25 45 31 48 32 46 26 
25 24 19 50 38 46 32 34 39 20 47 37 38 19 34 40 50 19 41 23 
30 17 43 43 20 32 19 27 19 32 30 30 17 36 44 50 41 43 38 34 
20 45 37 45 39 48 31 20 41 23 23 38 20 49 31 49 23 48 23 41 
33 30 43 32 30 43 17 37 29 51 38 25 40 27 48 33 35 32 47 25 
22 24 33 49 34 42 50 50 20 27 27 17 22 48 47 36 28 51 18 37 
49 47 44 42 42 23 36 18 28 39 28 43 19 50 23 19 26 23 32 50 
26 38 18 20 42 47 20 30 27 41 27 49 34 24 41 44 34 27 39 36 
38 46 38 21 21 32 25 38 41 41 23 36 24 49 44 27 23 41 30 39 
33 30 21 50 26 39 47 43 20 32 17 31 47 19 49 33 24 38 41 22 
30 45 39 21 39 28 24 31 26 41 38 36 31 35 48 32 32 24 41 47 
35 33 45 38 44 39 30 21 24 37 19 26 24 43 28 19 36 19 18 20 
51 46 18 20 44 49 27 17 29 20 30 36 22 42 34 32 46 18 35 46 
46 17 36 26 36 31 51 31 42 21 48 33 29 49 18 37 32 25 45 44 
44 40 28 28 24 35 47 46 27 17 32 44 48 42 50 47 41 36 23 34 
37 47 46 18 29 36 26 39 39 43 42 32 35 49 45 33 41 17 32 43 
26 51 39 29 38 40 33 30 37 24 46 26 18 19 37 38 29 45 46 28 
43 28 51 19 23 49 46 36 35 26 22 20 23 39 42 36 28 17 49 43 
44 31 31 30 43 49 32 46 34 51 49 34 47 45 39 50 25 38 18 37 
46 40 21 29 28 47 48 33 32 37 25 29 39 19 50 48 44 47 23 43 
33 34 35 32 19 31 29 18 34 47 25 46 38 32 48 26 46 41 47 20 
39 34 18 38 42 21 40 21 18 47 30 36 36 23 30 42 31 38 25 43 
36 49 50 47 36 33 43 45 43 47 21 22 25 19 39 23 38 21 37 36 
33 43 49 45 51 45 33 31 45 20 48 32 40 42 24 35 23 32 28 33 
35 29 23 37 46 47 28 19 43 42 36 28 26 24 42 43 26 43 30 31 
41 18 45 35 45 47 42 37 23 22 34 39 34 23 29 48 29 30 36 29 
42 42 32 42 28 26 40 48 20 19 21 18 48 39 43 28 18 40 23 29 
19 21 35 33 48 42 40 18 19 27 50 44 42 25 38 19 50 20 51 48 
28 39 24 17 27 18 43 48 18 30 45 35 51 30 33 38 19 46 49 26 
21 41 17 19 22 19 41 38 49 47 39 40 25 45 47 35 17 50 21 27 
49 45 29 39 46 38 39 43 37 40 24 34 24 20 27 46 40 33 33 21 
39 20 22 40 18 50 40 40 31 34 38 44 34 21 49 26 41 31 43 46 
25 32 33 46 31 44 18 36 29 18 22 23 39 49 36 36 40 39 24 51 
23 23 27 42 26 46 41 44 27 17 45 17 39 35 32 29 32 37 42 49 
24 47 44 26 31 19 42 20 43 42 22 31 33 19 19 32 28 27 21 31 
51 48 37 29 35 49 46 48 20 42 51 27 43 17 21 37 25 32 43 21 
18 50 38 33 34 34 45 24 49 50 18 28 47 25 24 27 20 45 44 39 
44 48 47 40 23 22 29 38 36 44 45 18 37 39 38 34 32 42 48 49 
47 31 41 19 21 44 21 19 41 32 30 30 39 46 27 30 26 36 36 32 
29 43 20 25 47 42 44 32 31 18 32 38 34 31 20 27 33 45 22 28 
506 514 535 543 400 473 542 398 546 530 539 420 498 539 476 511 497 511 516 536 
73 34 0 5 2 39 9 41 18 37 52 99 42 49 6 59 52 50 40 58 
60 65 97 83 80 6 21 62 4 10 2 99 91 91 78 43 72 49 89 74 
