3
20
112 124 126 
142 124 143 
86 76 120 
139 90 66 
123 100 98 
51 71 128 
96 58 133 
100 82 122 
113 59 90 
50 56 127 
75 134 58 
139 88 55 
98 137 127 
93 60 93 
116 82 65 
141 102 102 
142 138 60 
148 68 138 
108 61 143 
99 62 133 
38 38 21 34 27 44 18 22 44 34 39 23 22 49 23 27 17 38 35 43 
20 33 22 39 38 34 42 45 37 39 24 40 26 38 37 41 32 27 41 42 
33 40 32 32 27 37 33 22 25 46 34 42 49 35 33 22 38 21 41 31 
42 45 29 27 31 44 24 34 37 23 26 23 20 23 48 34 36 49 18 18 
32 34 31 17 34 40 26 24 26 46 21 25 40 26 32 46 29 43 30 37 
26 30 38 21 39 40 46 43 18 43 39 36 48 27 39 33 38 25 45 22 
48 34 44 46 24 43 30 31 31 46 48 40 42 38 31 44 41 19 42 26 
40 46 47 40 39 36 26 40 49 31 26 50 49 18 42 36 46 30 22 44 
37 50 20 39 47 46 39 28 41 28 29 16 43 45 27 44 47 31 20 19 
20 18 31 42 46 40 50 46 34 26 28 24 27 19 49 21 25 18 17 19 
21 22 38 26 32 39 21 33 17 24 24 32 38 35 18 19 43 35 33 48 
20 41 44 41 34 33 44 45 28 27 19 30 22 26 46 36 41 21 25 17 
44 18 40 46 40 18 30 17 26 26 29 33 39 26 48 21 48 45 22 45 
27 22 47 35 39 32 17 31 33 18 26 36 44 43 31 38 35 45 46 21 
24 49 37 49 37 28 43 25 36 17 39 35 38 21 49 50 21 31 29 43 
17 42 18 30 17 21 31 35 42 21 18 43 19 31 35 44 25 44 36 22 
39 31 33 20 28 33 23 39 22 31 29 24 35 27 23 28 46 21 23 34 
22 45 41 42 31 39 17 20 33 25 36 47 36 37 48 20 26 30 25 43 
17 38 44 17 25 24 20 36 25 40 31 30 30 45 38 49 40 34 36 30 
48 47 19 27 22 45 20 35 39 20 25 45 32 18 22 45 25 21 20 40 
19 36 17 44 42 32 17 39 19 39 17 46 21 29 41 24 26 30 20 47 
47 37 36 38 47 38 23 21 20 27 40 43 47 33 19 39 46 17 37 39 
43 45 21 37 19 24 50 42 40 36 26 37 44 28 47 48 45 34 48 33 
29 30 33 24 47 35 35 38 23 47 45 17 38 27 38 23 48 21 48 19 
48 30 45 41 40 29 36 48 25 40 39 35 38 44 47 22 46 45 45 46 
22 38 31 39 37 35 33 39 21 48 28 22 43 27 36 44 24 37 26 31 
40 47 29 42 34 45 28 40 47 32 41 21 24 30 48 39 18 23 29 35 
37 29 49 17 41 24 18 20 49 29 41 44 24 34 31 42 20 31 40 18 
45 31 35 49 33 37 44 33 38 27 33 23 26 34 49 49 41 44 43 48 
41 24 47 40 48 21 26 43 38 49 49 20 27 31 41 31 23 49 39 33 
22 44 33 30 47 19 44 31 29 48 47 30 39 49 29 33 30 47 44 32 
26 30 18 24 47 18 25 40 47 35 37 47 17 23 41 26 48 31 25 38 
20 37 48 28 18 19 44 30 38 37 36 38 33 40 20 21 33 19 49 22 
31 25 20 39 29 31 44 30 17 24 38 48 40 44 46 28 48 20 47 36 
22 36 31 44 20 28 44 27 20 29 28 45 39 34 45 18 25 27 29 49 
25 17 30 16 26 47 32 27 28 36 32 38 32 19 31 32 26 26 19 29 
35 30 24 40 46 24 18 47 19 43 48 39 23 30 45 37 19 19 43 19 
37 17 39 26 30 49 49 46 22 18 47 47 48 43 32 36 17 47 45 42 
34 41 28 27 40 23 26 32 17 23 18 26 44 25 43 26 25 30 22 49 
20 19 36 34 44 28 39 25 36 19 20 40 24 47 21 20 24 45 22 27 
16 43 42 37 44 17 50 39 43 17 32 41 22 27 22 50 49 20 40 39 
33 19 24 45 29 23 29 45 33 26 38 28 48 24 44 21 21 40 28 25 
36 26 31 33 34 22 50 44 27 43 44 31 25 45 37 43 45 49 34 38 
16 47 33 46 37 32 28 17 31 30 27 20 37 49 21 45 37 35 37 18 
23 30 35 42 35 25 46 32 23 47 46 41 25 43 49 22 19 37 26 31 
49 25 23 44 24 20 22 32 19 26 20 23 34 24 35 27 42 29 42 24 
35 48 47 36 49 22 23 34 24 18 36 41 37 50 20 29 19 18 36 28 
25 42 26 35 41 44 46 41 19 26 50 24 43 28 21 23 34 22 37 44 
32 40 30 44 38 42 49 46 40 41 35 33 43 39 32 38 36 36 27 45 
39 48 36 43 21 31 17 43 43 47 46 17 46 34 45 44 29 21 49 17 
48 29 39 27 35 24 27 19 27 25 19 45 17 29 24 35 44 17 25 38 
22 36 43 18 33 29 36 20 34 31 17 22 46 23 23 45 42 36 20 31 
20 48 47 18 42 21 17 24 19 34 29 18 43 21 38 50 45 45 19 27 
21 29 39 36 49 38 40 48 29 26 17 39 41 23 16 25 39 47 35 19 
30 23 25 49 19 42 38 33 41 42 42 44 38 39 25 40 29 36 17 38 
40 28 45 32 35 30 40 27 39 35 48 32 18 32 30 27 32 23 47 26 
24 35 40 31 23 25 21 17 37 50 26 17 28 22 46 20 34 34 17 49 
32 24 31 40 38 43 49 50 35 40 25 22 20 19 29 24 23 37 28 45 
25 41 30 20 28 17 21 32 43 45 38 42 24 41 20 19 30 33 32 49 
20 40 37 21 27 40 41 45 24 22 33 42 28 40 35 19 33 38 37 22 
501 418 506 493 372 433 511 522 508 527 390 529 491 469 380 401 520 414 454 406 
90 57 85 12 24 14 19 51 34 54 67 4 96 94 8 27 36 1 4 68 
78 97 15 93 49 38 70 61 57 93 95 87 56 43 91 88 5 98 79 42 
