3
20
135 94 84 
61 81 80 
95 65 101 
84 101 58 
75 105 74 
121 128 125 
100 123 76 
73 123 122 
117 79 143 
116 132 94 
111 135 115 
81 60 56 
88 136 127 
122 87 59 
144 124 92 
148 59 55 
76 101 59 
93 52 122 
141 143 140 
149 116 59 
40 21 20 25 26 38 17 21 31 34 22 32 20 28 40 28 26 35 26 46 
26 47 33 32 26 20 46 20 22 47 39 18 39 26 22 48 27 24 37 47 
42 16 35 37 31 29 45 18 23 19 41 32 29 42 20 19 28 42 33 25 
36 38 42 47 48 30 31 25 44 47 49 47 31 18 25 49 42 36 44 23 
37 43 36 17 34 16 31 36 28 35 34 41 36 22 33 23 41 32 34 20 
18 19 35 21 43 42 44 44 48 38 47 30 40 26 26 28 22 38 39 21 
44 44 25 22 22 49 20 38 29 45 23 27 38 46 41 22 42 30 17 45 
38 22 35 49 20 17 47 40 17 25 26 31 48 34 48 37 48 20 38 21 
33 31 22 32 49 39 24 21 30 31 46 28 28 20 21 48 47 34 19 41 
33 35 34 48 22 32 17 46 48 49 44 19 21 40 34 32 38 46 33 25 
43 45 20 35 25 42 18 42 22 39 36 21 27 22 17 33 23 40 33 20 
16 22 27 50 23 26 19 49 24 48 36 28 50 39 30 30 43 38 18 40 
30 25 36 27 28 43 43 46 17 20 37 32 16 42 22 25 26 37 26 30 
24 33 23 41 28 39 36 28 20 46 48 17 34 45 20 30 45 39 26 18 
33 30 47 24 41 37 36 26 36 48 17 46 33 48 47 33 21 33 29 35 
45 42 25 20 44 48 34 32 44 20 44 23 48 24 24 21 43 21 43 41 
23 34 22 43 35 22 40 38 23 44 48 30 28 35 34 45 35 21 32 48 
39 26 26 30 20 31 28 43 42 22 28 24 36 18 38 21 36 34 44 48 
21 49 26 17 45 33 33 30 27 47 49 33 49 35 16 27 24 17 34 37 
42 22 36 48 25 29 40 35 24 20 41 40 35 40 21 26 23 22 41 23 
18 27 45 42 43 37 45 22 36 41 32 40 17 41 29 48 43 36 30 31 
18 24 31 47 35 22 19 47 34 17 36 47 19 20 28 46 17 25 44 18 
21 30 37 26 46 22 16 29 22 16 28 22 44 20 47 39 38 21 40 17 
32 23 21 23 33 20 48 41 46 24 33 33 31 24 31 24 20 31 30 48 
19 43 38 43 36 48 20 43 40 39 26 37 31 35 36 22 45 44 33 40 
19 24 19 17 41 35 24 39 22 29 42 47 41 40 28 46 30 21 42 38 
27 45 36 36 23 18 48 31 45 22 41 43 39 31 31 31 35 38 49 28 
17 20 20 20 47 47 38 36 40 42 44 29 24 40 46 47 40 21 41 28 
37 37 39 39 38 17 38 44 23 45 36 35 21 42 23 22 21 26 49 17 
48 27 45 24 28 36 29 50 21 41 23 27 47 36 41 27 33 19 35 24 
43 22 28 48 35 26 18 24 22 45 38 47 21 42 48 24 36 37 35 30 
27 25 34 36 47 48 37 38 20 40 41 28 31 37 34 24 32 43 18 37 
40 36 31 28 18 38 38 48 24 35 24 40 23 44 36 22 46 46 46 32 
47 28 35 33 34 30 31 23 45 46 48 21 31 23 44 49 30 42 29 45 
35 42 32 42 42 46 39 18 32 17 34 42 27 33 42 17 36 45 32 17 
31 27 37 19 25 32 48 25 29 42 42 31 35 32 48 47 20 18 38 38 
47 39 40 24 23 32 47 36 19 50 41 42 47 49 31 18 40 40 31 23 
30 21 36 20 48 28 33 48 38 19 25 32 42 35 19 45 17 37 33 22 
37 19 34 25 32 20 40 41 41 32 42 19 22 38 42 43 35 24 48 41 
45 23 41 18 39 33 21 16 44 35 48 45 29 33 31 18 26 38 27 46 
42 30 40 37 46 34 36 28 45 22 23 35 49 41 38 23 34 37 38 36 
36 49 18 25 43 18 32 42 40 47 43 40 41 38 22 28 44 35 29 41 
39 39 30 34 25 44 50 31 44 37 42 36 50 28 41 48 30 22 31 36 
27 39 32 31 44 20 17 20 16 41 18 44 30 27 43 20 17 35 36 39 
24 27 17 43 25 21 45 22 22 38 42 20 33 20 47 21 16 28 35 19 
27 41 31 19 21 30 22 23 33 21 34 20 35 39 42 40 26 18 29 49 
42 37 27 26 49 31 45 41 19 28 43 40 43 27 25 47 25 20 25 24 
33 37 23 35 39 39 40 44 49 45 42 30 26 35 39 43 48 31 44 33 
47 47 30 21 48 22 47 45 27 36 45 34 37 37 25 42 21 40 47 20 
18 19 41 16 23 42 32 37 21 34 38 28 18 18 37 45 43 38 21 28 
17 40 29 18 31 28 19 21 33 26 45 41 40 20 19 35 32 19 22 39 
30 45 45 47 22 37 32 31 38 29 17 36 33 38 44 27 21 49 22 43 
31 40 41 17 17 42 42 21 19 35 17 18 27 41 26 34 29 31 25 40 
34 31 28 37 46 18 39 31 31 21 24 34 40 24 24 38 18 40 33 29 
36 46 20 20 21 28 21 32 22 28 33 21 38 25 20 41 22 22 26 42 
32 43 19 35 34 31 27 23 43 28 26 48 19 38 48 22 19 38 26 38 
21 41 39 29 19 37 26 21 21 34 33 26 28 24 21 49 24 43 28 46 
42 20 27 25 29 47 19 25 39 36 35 30 36 26 38 22 47 43 46 43 
41 36 28 42 33 29 47 42 18 30 35 32 30 34 22 37 33 27 19 20 
35 34 35 32 33 47 18 27 33 22 21 36 38 43 21 42 41 30 45 20 
496 509 388 404 362 509 528 507 532 390 528 447 478 490 425 515 502 464 502 501 
98 19 16 75 9 8 27 30 22 62 82 42 46 82 80 20 50 59 67 63 
53 93 97 27 51 62 66 32 29 19 60 89 30 74 24 56 19 77 2 14 
