3
20
61 94 136 
124 70 51 
104 50 146 
94 107 79 
54 130 83 
123 101 123 
74 71 104 
95 69 63 
85 123 113 
107 67 71 
129 52 110 
86 137 81 
100 76 62 
114 82 77 
93 94 100 
138 73 107 
94 86 97 
60 122 140 
111 99 50 
110 132 123 
22 42 21 40 23 21 42 23 37 22 36 40 38 34 22 36 46 38 29 18 
18 19 46 25 17 34 40 36 44 24 47 36 43 35 27 37 19 19 19 24 
38 44 17 32 46 36 32 42 44 45 40 27 30 25 26 43 40 25 24 36 
29 30 32 41 17 19 31 44 28 20 28 26 19 31 39 20 41 24 31 38 
32 15 18 27 18 47 45 31 20 44 24 17 29 29 33 42 21 30 33 41 
15 29 39 31 37 30 17 28 44 23 41 20 45 25 18 16 47 25 33 35 
32 46 31 21 43 41 22 16 31 21 24 42 24 45 16 44 42 39 38 40 
24 38 16 25 43 19 18 41 46 41 43 43 31 20 27 17 21 20 37 29 
24 18 32 41 31 39 32 47 22 18 43 41 16 39 30 42 46 40 40 27 
27 21 43 28 31 34 19 17 26 16 23 31 20 42 25 21 27 19 30 16 
33 26 34 33 41 26 29 35 22 19 24 42 36 24 39 31 45 23 35 28 
20 42 36 34 36 28 42 47 20 34 46 43 18 17 33 30 16 31 39 24 
37 22 23 42 30 26 45 32 34 41 44 21 41 25 37 18 22 45 16 40 
32 24 26 45 35 34 17 25 36 38 30 35 35 25 33 33 46 31 24 19 
44 40 29 32 45 44 19 28 20 42 42 38 23 30 21 31 34 15 17 33 
24 36 38 37 34 16 16 20 26 32 38 25 17 30 27 45 24 40 34 34 
17 20 32 22 32 36 26 21 35 37 39 46 20 20 20 29 43 45 22 20 
29 42 44 30 42 43 18 46 28 35 23 47 30 16 31 34 20 31 36 39 
46 41 20 23 36 23 20 31 28 18 45 35 44 36 27 16 16 21 46 24 
18 23 16 20 36 39 39 16 31 22 19 17 41 27 17 18 21 38 40 27 
36 20 34 47 30 36 40 33 42 44 34 32 22 43 38 46 40 33 32 42 
46 23 28 27 46 23 28 36 42 40 34 35 40 29 16 33 27 31 28 27 
44 22 46 19 38 18 16 26 22 26 23 46 34 18 28 41 40 38 26 43 
43 44 44 31 23 34 28 16 20 18 45 45 20 25 15 34 21 42 41 35 
22 41 29 34 46 31 18 20 26 45 26 29 44 19 27 40 33 17 34 27 
39 31 34 41 20 26 32 36 19 42 41 38 38 39 28 24 28 36 43 43 
43 46 41 35 44 28 30 39 20 25 35 47 37 41 22 43 37 27 21 28 
15 46 26 22 29 39 33 17 22 17 43 26 29 45 30 42 44 23 37 36 
35 39 25 47 33 33 47 35 34 33 41 33 25 21 34 42 26 39 30 16 
32 20 31 25 40 24 36 45 25 42 36 21 27 30 32 41 43 44 22 41 
35 43 47 25 39 33 39 21 18 33 46 45 16 33 33 40 36 35 20 20 
26 16 35 25 20 39 20 18 18 40 21 29 47 40 44 22 45 33 40 37 
17 40 31 24 20 29 23 44 17 31 16 16 38 39 20 28 21 20 41 38 
39 31 34 35 40 21 24 21 23 37 19 36 27 38 38 33 31 20 34 25 
17 31 42 42 37 44 19 29 25 37 29 26 20 27 16 25 39 41 44 20 
41 19 43 45 23 43 30 33 31 45 23 33 36 43 18 47 19 19 46 38 
32 22 30 38 47 38 39 37 26 37 45 32 42 45 21 30 35 29 38 26 
21 26 19 46 43 45 45 45 16 45 19 33 38 23 45 40 31 23 42 21 
20 44 45 23 26 25 36 24 17 23 20 45 29 23 43 33 28 18 17 19 
24 26 36 31 35 42 16 35 34 26 22 31 24 39 41 42 40 19 28 34 
40 38 38 43 26 40 47 26 47 45 45 24 30 25 29 29 17 46 42 46 
30 45 30 16 21 41 22 45 22 40 16 31 17 24 29 29 44 47 38 41 
35 38 22 18 22 43 21 27 29 37 27 35 24 32 27 34 42 33 46 44 
37 22 47 27 43 46 34 29 41 17 40 39 32 44 29 41 36 22 46 21 
30 18 40 29 25 26 21 21 43 23 16 37 39 22 23 16 38 21 17 23 
35 36 35 20 36 21 45 28 46 19 47 36 21 23 43 27 17 42 37 21 
22 40 29 18 24 45 45 40 38 42 17 16 23 30 42 34 26 32 18 41 
31 36 33 39 21 24 44 41 44 31 43 36 43 46 40 17 35 44 39 17 
47 38 41 18 29 22 39 36 24 34 38 30 42 20 21 28 16 46 31 23 
41 39 35 19 46 24 32 31 40 39 16 42 24 16 44 40 41 37 26 38 
34 29 40 22 28 23 22 17 17 28 45 19 25 26 43 25 16 27 17 18 
22 39 28 43 41 21 31 27 44 19 31 44 27 26 24 18 18 31 27 45 
28 44 36 42 40 35 40 28 33 20 34 29 30 28 40 36 25 16 16 25 
35 40 24 31 23 17 32 44 19 45 44 25 17 25 18 21 17 32 23 25 
43 23 35 34 26 46 25 18 33 47 16 35 44 44 37 22 26 17 31 33 
29 46 38 46 35 29 29 46 18 27 40 26 47 25 25 34 21 44 39 46 
40 43 25 40 29 39 32 23 33 27 34 46 16 39 41 23 42 37 20 41 
46 23 32 22 20 41 30 30 32 41 17 17 38 32 26 34 17 16 32 46 
41 24 30 17 35 28 18 45 33 20 28 22 24 26 31 45 20 22 31 25 
43 24 23 22 32 17 41 29 46 30 41 31 40 37 28 16 39 39 23 34 
428 460 499 389 465 498 478 503 458 492 493 503 473 504 475 372 488 506 503 505 
55 89 29 87 20 19 56 92 71 11 73 65 55 42 87 26 47 47 75 44 
75 58 70 10 60 1 65 51 37 82 78 30 35 24 19 45 3 53 14 16 
