10
50
147 120 114 68 56 86 145 122 131 103 
139 80 112 103 62 55 129 82 71 58 
94 91 143 105 91 130 75 112 141 111 
54 56 99 79 76 80 77 96 120 125 
122 147 133 74 137 74 57 138 83 89 
69 119 107 109 119 59 127 127 84 82 
110 113 136 77 125 131 93 58 115 127 
144 136 53 144 104 100 96 96 145 148 
122 103 51 90 145 125 90 52 95 71 
113 118 71 123 145 120 90 81 139 95 
121 135 115 127 67 137 118 88 86 76 
88 55 129 78 106 70 103 70 58 83 
108 54 54 78 76 79 142 115 129 82 
136 144 130 61 51 93 76 106 130 91 
146 88 114 53 57 62 90 59 82 80 
108 85 86 100 50 66 141 131 124 69 
73 110 87 62 143 144 111 102 62 128 
54 121 143 105 63 51 131 132 120 94 
132 103 104 120 131 143 147 145 111 51 
97 75 53 71 88 81 93 69 75 109 
132 128 97 69 81 51 57 69 85 120 
136 50 113 123 148 130 103 95 97 94 
126 112 82 117 86 103 100 129 120 53 
125 92 135 75 140 106 102 107 145 67 
84 77 104 119 100 93 116 83 77 84 
122 71 111 102 116 144 77 131 55 52 
104 91 71 63 119 125 59 129 75 58 
144 90 140 130 51 59 127 146 61 146 
54 122 100 85 123 67 113 122 53 120 
83 61 105 126 78 122 113 86 122 145 
123 65 105 89 66 140 72 107 130 94 
50 115 85 59 72 59 129 126 94 99 
113 125 149 97 130 55 62 55 125 122 
88 98 59 85 54 68 142 116 90 130 
71 84 146 109 122 56 102 71 106 75 
94 62 57 141 112 115 89 98 124 66 
56 97 125 64 129 57 145 61 57 55 
81 133 67 76 118 109 138 54 110 72 
90 52 72 119 65 122 71 143 64 75 
131 85 148 119 146 59 127 75 97 124 
124 82 111 126 78 116 138 74 84 99 
80 68 66 147 116 119 62 131 148 91 
63 76 136 146 110 123 91 149 141 51 
103 67 125 144 63 75 123 55 54 54 
53 125 128 52 82 64 96 145 89 77 
100 95 80 82 65 139 126 55 113 122 
51 108 137 142 60 95 102 137 88 71 
98 76 134 83 82 97 82 130 74 67 
123 83 91 67 106 131 67 96 124 113 
69 99 97 83 140 65 53 149 118 70 
0 24 22 17 26 27 29 24 31 32 20 31 29 21 21 19 30 26 25 16 32 20 21 21 16 29 19 19 17 19 17 16 25 17 19 26 24 21 18 16 24 18 16 20 16 28 30 31 20 30 
26 0 31 27 32 23 32 17 26 19 24 18 27 27 28 19 18 23 26 20 20 18 17 24 29 25 18 23 18 18 30 23 22 26 28 25 29 16 20 24 28 17 32 31 26 29 17 31 19 31 
17 27 0 25 28 32 29 18 31 23 23 29 23 21 28 32 20 20 27 21 29 18 29 22 25 30 18 16 19 20 16 17 24 18 22 18 30 28 18 27 28 16 17 30 29 30 25 19 29 32 
19 32 17 0 18 17 17 24 18 23 19 29 30 28 24 18 30 29 29 19 19 22 31 25 28 17 24 28 19 21 18 23 31 27 31 21 28 28 17 22 27 30 30 25 17 24 16 26 30 19 
24 21 31 21 0 19 20 16 32 27 24 22 28 23 17 23 21 18 23 20 20 32 17 32 30 22 28 29 20 30 23 28 19 24 17 16 23 18 18 22 29 32 21 23 25 22 17 28 22 16 
25 29 22 18 28 0 31 24 24 26 21 21 22 26 32 26 31 31 19 25 23 30 23 27 32 21 28 17 21 28 31 21 17 19 24 19 31 21 26 24 29 16 20 18 28 19 30 18 32 20 
17 30 20 17 31 32 0 22 18 19 23 24 25 19 26 16 29 17 18 16 26 29 22 18 23 22 24 26 27 21 30 26 31 16 30 23 28 20 22 32 19 22 27 17 28 21 17 29 23 22 
23 30 24 24 27 27 23 0 17 31 18 31 28 22 20 32 31 23 18 17 18 27 22 19 30 23 32 24 21 25 21 28 27 28 21 24 25 32 25 31 30 22 26 17 27 27 18 18 18 31 
28 31 24 20 20 26 16 27 0 28 31 25 29 31 18 29 28 31 22 30 22 26 18 19 18 28 18 19 18 21 22 19 24 19 28 22 19 29 26 31 30 17 26 28 21 27 18 25 26 32 
21 26 27 23 25 24 31 25 20 0 29 26 28 26 19 20 16 24 31 25 20 21 25 32 27 19 28 29 20 25 25 18 17 32 26 18 29 20 27 25 26 24 24 29 27 22 28 29 21 22 
21 31 17 17 19 20 27 22 30 28 0 30 29 19 20 31 18 23 25 17 21 23 19 19 19 20 19 19 29 18 28 24 32 21 17 29 20 19 32 31 16 20 21 23 27 30 18 21 21 19 
28 30 28 18 26 30 32 22 28 17 21 0 25 16 21 28 32 17 29 31 30 24 28 29 27 19 18 20 26 18 23 32 30 16 26 21 16 21 24 25 26 21 31 30 32 29 23 22 23 23 
28 20 24 22 30 25 25 18 19 20 28 19 0 24 22 31 19 19 17 21 28 32 20 16 32 27 17 29 18 19 31 17 27 23 28 20 19 27 23 16 22 28 23 29 21 17 25 31 29 16 
27 31 17 17 21 23 26 32 29 17 26 32 28 0 31 19 20 30 21 18 27 16 24 27 18 19 31 27 28 26 28 19 24 20 20 20 23 16 17 19 18 22 30 22 16 32 26 16 23 17 
19 32 19 29 22 17 23 28 20 26 28 18 29 24 0 21 22 20 31 30 23 21 25 19 17 30 23 20 19 27 20 27 31 29 27 18 29 17 23 20 16 29 28 32 31 24 19 22 21 25 
18 18 17 28 20 23 16 21 30 21 32 21 27 19 24 0 30 26 23 23 17 31 20 24 21 30 24 18 17 27 16 28 23 26 24 31 29 29 30 22 18 30 19 24 21 19 28 29 26 25 
25 32 26 16 19 26 26 29 25 22 28 17 31 21 18 16 0 18 31 31 19 17 23 20 25 24 23 21 18 20 17 29 25 31 27 20 20 26 32 18 21 16 20 27 21 17 28 22 32 17 
21 27 24 22 24 17 19 30 31 29 22 21 27 29 23 17 23 0 31 28 19 21 24 25 27 16 30 30 18 32 21 25 17 27 30 28 19 22 28 29 25 21 23 30 19 23 18 16 28 18 
32 29 18 17 27 27 18 28 29 30 31 17 21 28 21 27 27 24 0 26 32 16 27 21 18 19 22 30 25 31 21 24 21 32 27 19 20 20 28 30 25 21 24 22 25 30 26 26 27 26 
26 21 16 25 25 25 29 18 26 28 20 20 21 20 31 17 24 20 18 0 29 28 21 29 18 28 22 27 20 22 23 19 30 28 24 18 28 28 28 29 24 20 31 17 31 19 21 30 20 31 
29 25 27 30 26 20 19 31 20 26 19 28 17 25 30 25 26 22 25 26 0 17 32 24 27 26 21 19 17 25 17 22 23 23 26 18 21 20 29 27 23 32 32 21 27 26 18 21 25 24 
25 24 21 20 23 18 27 29 21 22 29 32 24 28 18 23 31 23 32 17 29 0 28 23 26 27 17 20 31 26 32 30 28 20 19 29 29 29 23 22 32 16 26 29 19 25 27 18 31 32 
22 27 23 23 16 16 26 30 25 31 20 25 22 28 21 32 30 32 21 18 27 24 0 29 23 21 23 25 17 27 24 17 20 17 23 18 27 16 28 27 20 16 27 22 17 16 25 21 20 21 
22 18 25 21 16 31 24 24 28 21 31 26 17 22 25 17 32 26 20 17 17 31 25 0 22 16 31 16 26 32 19 20 31 26 20 24 28 28 19 23 23 30 18 20 17 19 27 30 20 29 
22 25 19 24 17 22 32 29 31 22 30 26 18 32 19 24 25 32 24 23 16 32 27 23 0 26 17 17 29 17 19 28 19 19 26 22 23 32 19 29 18 26 25 31 20 27 30 19 20 32 
20 25 16 20 19 18 27 24 29 19 27 31 29 23 23 24 24 22 26 25 25 26 19 27 23 0 17 23 20 23 26 16 21 29 17 18 29 17 24 16 26 19 28 18 27 31 32 28 18 23 
17 32 28 28 26 26 21 19 23 30 30 29 29 25 18 20 22 29 19 16 19 28 25 25 17 29 0 22 32 20 26 26 18 29 20 27 23 19 24 18 31 18 30 31 24 16 19 29 28 31 
25 24 32 32 21 19 21 24 27 28 32 23 24 18 32 26 21 25 29 19 24 26 32 26 31 20 23 0 21 18 17 30 31 27 24 23 22 21 30 22 19 23 22 26 21 28 18 18 29 22 
18 27 29 22 26 26 21 27 25 25 20 30 22 17 29 26 20 29 30 20 22 22 22 31 20 26 29 21 0 20 23 23 29 29 20 26 26 19 24 22 23 32 18 16 29 17 19 19 28 23 
18 31 20 22 26 28 19 23 23 24 28 17 23 28 31 20 27 17 20 27 26 28 31 17 28 31 25 23 25 0 20 25 30 31 26 18 22 27 22 24 16 24 30 17 26 17 20 17 22 19 
27 18 20 16 30 28 27 20 28 29 32 26 28 27 30 24 31 25 25 17 25 22 26 17 24 23 27 23 21 17 0 27 22 23 20 16 25 25 29 25 20 17 32 21 17 31 25 22 18 22 
30 28 32 30 26 23 32 25 20 27 26 29 30 17 26 17 25 21 31 28 30 27 26 31 17 29 25 23 19 19 28 0 21 23 20 27 17 29 21 17 23 25 29 20 20 24 32 16 19 26 
23 17 28 24 24 22 25 20 29 25 20 32 22 16 20 20 22 32 21 21 28 24 32 29 16 24 18 32 21 20 18 18 0 23 26 19 24 28 26 28 26 17 23 24 20 26 21 28 28 20 
25 24 17 28 25 24 21 28 21 24 31 30 31 22 32 31 29 21 17 28 19 31 18 22 28 28 24 27 18 16 24 21 22 0 22 25 29 25 23 30 25 17 23 31 26 19 18 19 31 23 
30 25 22 30 17 28 24 19 31 22 17 29 26 16 24 22 30 18 20 18 17 23 22 17 22 30 31 21 31 26 30 19 19 28 0 27 24 21 20 18 30 29 24 31 24 22 31 19 23 32 
28 24 23 24 26 23 31 21 26 18 31 17 21 31 19 28 23 29 30 24 23 25 20 32 30 18 16 22 17 31 24 29 24 17 23 0 30 26 16 17 22 25 19 17 25 28 26 32 23 23 
30 21 30 25 17 26 31 20 31 25 30 32 29 31 24 31 21 18 32 17 20 20 23 21 17 32 32 26 27 19 26 16 16 32 22 21 0 30 22 26 18 21 19 21 32 30 23 31 19 29 
21 29 28 30 21 21 26 26 25 16 29 18 21 18 31 28 31 18 24 24 26 29 23 20 30 32 31 26 28 23 31 29 27 31 30 29 31 0 17 21 23 27 28 20 23 30 28 22 25 17 
31 22 30 20 21 17 28 22 25 26 24 16 26 24 31 17 18 18 23 21 23 29 24 20 31 29 22 22 24 31 29 26 31 20 32 24 32 18 0 16 30 18 22 22 31 28 30 19 26 28 
28 25 18 25 30 22 31 21 22 26 23 32 28 32 22 17 32 17 22 19 17 26 27 22 29 25 30 17 32 21 29 24 30 19 30 20 18 20 28 0 29 22 16 17 29 29 25 19 24 17 
24 25 21 21 32 29 29 27 21 19 28 20 30 19 21 32 16 19 32 26 29 19 22 25 27 18 29 31 22 20 29 17 18 29 16 26 29 23 29 24 0 29 19 24 28 27 29 30 17 31 
29 28 31 27 22 21 23 29 18 26 21 27 18 21 27 18 26 30 30 21 20 21 31 20 28 19 24 16 22 27 22 26 21 23 31 30 29 31 18 20 23 0 23 23 32 30 30 29 28 30 
20 22 19 30 18 22 24 28 32 29 23 22 24 19 26 27 20 25 27 32 18 17 17 23 24 24 29 18 24 21 24 26 27 20 19 18 18 22 27 21 20 30 0 31 27 25 29 29 23 30 
16 25 22 29 22 18 19 29 16 27 19 30 23 26 19 32 24 25 29 24 28 32 25 24 22 30 31 22 19 25 27 28 20 28 30 30 18 24 20 21 20 29 17 0 20 19 25 26 19 24 
19 22 30 31 20 25 25 32 28 30 30 20 31 30 20 23 21 18 32 31 23 23 23 28 22 24 25 31 31 19 19 31 28 23 20 17 18 24 18 18 28 20 26 32 0 19 21 24 30 23 
22 21 19 22 26 22 22 26 25 29 25 28 24 17 25 32 29 17 32 29 19 22 18 29 26 20 21 26 21 26 18 18 27 26 30 22 31 31 23 29 25 25 29 26 17 0 24 27 23 22 
31 20 32 24 32 24 31 28 18 27 24 19 23 26 31 29 23 19 22 25 31 19 26 29 19 23 27 25 20 25 25 28 24 17 20 24 22 23 24 27 26 22 21 21 17 30 0 28 17 31 
19 25 16 21 26 29 30 25 17 20 23 22 19 25 31 16 28 21 28 18 29 16 32 18 27 24 17 17 29 25 17 21 25 29 21 29 20 17 25 26 21 32 27 16 20 17 16 0 19 31 
27 22 30 17 21 20 27 30 30 24 27 24 26 24 21 31 27 25 28 22 17 31 19 30 21 19 18 23 29 24 22 31 31 17 30 28 25 25 25 21 32 17 22 30 24 26 18 21 0 23 
27 17 23 30 27 23 31 18 28 32 32 20 25 18 17 24 29 27 30 30 30 23 24 32 29 27 19 29 30 22 25 19 26 16 32 23 28 22 17 29 19 32 22 20 29 31 25 24 19 0 
0 23 27 30 29 28 27 28 18 17 30 30 20 24 26 29 23 20 20 29 17 31 19 29 27 17 21 32 19 29 26 18 30 24 17 32 23 29 30 30 28 24 28 18 29 16 20 23 18 32 
27 0 28 28 31 26 29 21 31 18 32 16 31 26 30 16 23 27 23 27 30 21 22 19 25 22 30 25 32 31 30 19 18 18 22 21 26 28 28 17 28 17 28 24 28 31 24 24 23 20 
27 26 0 17 20 25 30 26 30 20 21 22 17 26 29 22 28 31 23 32 26 16 30 17 21 19 22 30 19 27 31 24 32 22 22 26 21 27 22 27 21 28 19 28 21 25 19 17 29 19 
25 17 32 0 26 31 30 28 17 28 30 29 26 18 22 17 20 30 22 19 26 28 29 24 25 28 29 22 30 16 30 30 32 20 28 26 21 24 20 21 22 18 25 18 32 30 23 21 20 21 
23 25 19 26 0 22 28 26 20 17 28 17 20 31 21 21 20 20 25 24 26 28 26 23 19 22 29 18 26 32 27 18 20 23 29 29 27 17 32 22 19 17 17 20 21 18 19 19 22 27 
17 16 20 24 24 0 18 17 19 28 24 16 24 17 20 28 23 32 28 23 32 21 18 19 26 20 29 20 31 28 20 17 18 25 22 26 20 20 21 22 31 20 25 32 27 21 21 16 28 30 
19 22 26 23 29 29 0 21 27 17 23 29 31 31 25 24 25 31 31 29 26 21 24 20 17 24 27 17 26 31 28 24 18 32 29 29 28 25 29 24 23 24 18 30 30 31 22 17 27 27 
18 28 27 18 27 24 32 0 23 19 25 18 29 24 27 19 17 30 17 17 29 32 16 17 19 30 27 23 29 27 18 31 21 17 19 17 21 32 27 29 32 31 29 26 27 26 21 17 30 28 
32 28 28 26 17 24 17 25 0 19 18 28 21 28 30 30 31 18 26 24 16 21 20 17 30 28 27 19 32 18 17 21 20 20 21 24 28 18 20 17 31 24 24 27 27 29 28 28 29 27 
16 21 18 29 17 26 22 29 19 0 20 19 21 30 22 23 23 24 22 17 21 29 31 28 31 23 27 23 31 18 30 23 32 29 31 30 22 17 29 18 17 23 22 20 18 21 31 25 23 21 
27 31 16 17 28 21 20 29 27 24 0 19 23 28 24 27 30 23 22 23 22 29 19 25 22 23 17 29 30 28 25 30 18 29 30 26 29 24 20 26 25 18 24 32 18 27 31 24 23 20 
27 31 28 17 24 20 24 29 26 22 24 0 27 21 19 31 21 25 25 18 29 30 16 30 20 24 20 27 31 25 23 23 28 26 30 30 25 26 29 20 21 30 31 32 20 23 17 24 19 20 
28 26 17 30 26 25 20 23 25 22 28 31 0 24 17 19 18 28 28 32 23 32 25 17 25 23 25 22 23 25 20 20 19 18 22 28 24 32 28 19 25 20 27 30 22 24 21 31 20 32 
29 16 28 30 23 32 27 31 30 25 28 27 31 0 21 22 20 20 31 17 30 30 26 27 28 25 30 24 24 20 30 25 19 23 19 20 30 24 28 25 32 29 28 20 17 31 27 29 26 17 
20 32 27 30 26 28 17 22 24 29 28 17 31 28 0 18 29 28 25 23 32 17 32 26 20 22 17 20 22 16 21 32 29 16 18 16 26 25 23 16 27 21 22 29 27 22 29 20 32 32 
30 25 21 22 29 22 21 27 28 27 18 24 26 26 23 0 21 24 28 27 19 31 31 27 26 20 18 24 24 26 21 32 23 23 29 17 20 24 19 21 16 17 24 23 29 27 25 29 28 29 
26 18 32 20 22 24 24 25 23 24 21 17 23 29 16 28 0 25 31 25 18 19 17 31 31 31 19 32 31 20 27 19 28 18 29 29 30 25 17 23 19 32 19 22 31 18 23 24 19 27 
17 27 28 24 31 29 29 31 17 19 25 18 22 32 16 29 30 0 26 27 21 29 27 32 19 24 22 26 30 29 32 21 26 26 16 26 31 24 25 18 29 26 23 30 19 20 19 22 18 21 
31 30 19 22 21 20 29 21 23 23 28 20 21 26 21 29 27 17 0 25 28 27 16 22 26 23 19 26 28 18 28 27 32 28 22 30 25 20 27 28 24 26 27 22 29 29 18 23 23 25 
24 17 25 23 18 16 25 24 16 31 21 20 17 22 30 24 23 26 24 0 30 27 26 21 24 31 19 18 18 20 28 31 20 21 24 28 26 23 24 32 32 31 24 20 20 29 18 22 27 24 
25 20 22 20 23 27 20 18 25 24 25 24 30 21 18 29 20 17 32 29 0 27 32 28 23 27 32 22 19 28 20 18 19 21 24 31 19 26 17 25 23 16 21 22 25 21 20 24 25 23 
22 23 30 22 19 32 27 16 32 30 24 30 20 19 29 27 21 24 26 29 26 0 19 19 26 19 27 18 30 20 30 22 20 30 21 30 28 31 21 21 19 21 18 24 26 25 27 27 19 28 
27 18 25 18 28 30 27 20 19 19 22 30 19 30 28 32 32 30 31 24 31 32 0 20 26 22 25 27 17 19 20 16 18 32 17 16 29 23 24 26 26 26 18 24 17 19 23 30 22 21 
25 28 31 22 27 19 17 20 19 29 21 31 32 32 26 28 25 26 31 20 25 20 22 0 32 32 27 23 21 21 28 28 31 25 25 28 32 26 31 17 23 30 19 18 20 30 16 24 22 29 
21 30 24 25 21 24 23 28 19 17 24 23 18 27 25 29 30 18 24 21 18 26 21 21 0 24 17 16 28 31 20 31 27 20 21 25 22 28 32 17 31 29 27 27 24 19 22 19 23 26 
24 28 27 27 25 31 20 31 28 31 24 31 16 22 29 31 30 23 26 21 28 20 31 23 27 0 30 29 22 30 20 26 18 29 25 25 20 22 29 28 23 23 32 27 18 21 26 21 25 26 
20 22 32 17 32 27 18 24 21 24 29 18 23 32 32 26 24 30 32 16 16 19 24 20 24 24 0 26 17 29 26 16 23 27 28 18 29 28 24 18 30 20 30 31 18 29 32 21 20 31 
32 27 18 20 17 29 21 20 27 21 30 25 27 20 31 22 24 25 27 21 23 27 18 18 23 29 19 0 26 27 24 18 18 26 18 21 30 27 25 30 26 29 28 22 26 18 30 20 18 17 
18 28 30 24 21 31 20 23 25 23 32 28 31 23 18 17 24 17 20 19 24 24 21 19 18 32 30 20 0 21 25 32 24 18 22 29 27 22 29 22 24 23 31 27 27 26 31 20 32 22 
24 21 32 29 24 22 21 28 16 20 22 29 19 24 16 25 31 18 22 24 21 27 27 21 23 29 20 20 18 0 22 22 26 23 22 19 29 25 17 21 29 29 23 24 26 16 27 26 18 22 
23 18 31 24 17 27 24 19 29 23 32 27 16 32 30 18 19 23 16 17 21 32 31 17 18 20 19 28 27 32 0 28 28 20 24 23 23 29 17 25 32 29 20 27 18 18 30 32 25 22 
16 28 25 23 25 25 30 21 28 23 28 19 23 17 29 23 20 16 30 30 22 30 24 19 31 26 25 25 30 29 26 0 30 18 19 17 29 24 21 24 19 20 25 18 26 30 29 22 28 31 
22 23 19 28 31 19 31 25 19 29 25 31 23 18 31 23 31 31 32 23 24 25 24 28 29 31 31 27 22 19 17 20 0 18 31 17 22 17 25 21 29 32 31 24 23 20 22 32 31 22 
25 21 31 16 28 23 25 27 26 24 20 31 29 22 21 30 31 18 28 26 32 26 31 30 31 17 21 30 26 19 28 26 31 0 21 23 24 18 19 28 23 32 21 28 25 22 20 28 27 26 
27 25 30 21 30 29 31 19 24 20 24 18 28 30 29 25 24 28 30 28 24 21 23 32 24 30 23 21 27 30 31 28 18 24 0 16 18 26 29 28 21 32 24 21 23 18 22 31 31 26 
27 24 19 26 17 26 32 26 31 17 18 30 27 17 17 26 26 24 19 31 18 30 29 28 18 27 22 26 22 16 24 17 24 27 24 0 20 32 32 23 18 23 26 24 25 26 18 32 22 28 
19 28 23 17 28 17 29 29 28 21 20 32 25 28 21 27 20 29 21 31 25 26 19 28 26 22 23 30 29 32 22 16 26 27 24 20 0 26 22 25 18 19 23 29 28 29 16 31 25 21 
18 17 25 26 23 19 27 31 28 28 27 24 20 24 19 24 22 32 31 30 28 17 16 22 23 16 32 32 28 23 22 26 31 27 20 18 29 0 20 17 31 20 24 16 19 26 24 24 24 20 
21 31 25 23 32 32 24 28 26 31 18 29 19 30 26 20 27 29 18 21 26 29 31 22 22 28 26 19 30 23 32 22 30 25 18 27 26 21 0 22 32 24 23 25 22 21 25 24 27 29 
25 17 27 20 28 30 26 22 23 29 21 18 19 28 32 18 29 26 21 18 21 19 21 22 25 23 26 18 30 23 20 22 29 24 17 26 22 21 18 0 24 17 27 23 19 28 18 18 17 32 
27 19 19 31 22 18 28 30 24 19 31 31 27 25 25 22 31 18 22 21 25 21 26 27 19 27 23 17 29 25 23 19 22 23 29 19 18 30 26 24 0 21 23 24 19 28 24 31 27 17 
25 32 20 17 20 27 18 22 18 19 26 31 25 26 28 28 18 18 29 31 23 22 31 27 20 26 28 18 27 23 25 17 30 20 31 20 22 21 24 17 32 0 23 32 23 27 28 31 32 32 
16 30 20 19 28 26 31 16 32 22 24 27 26 28 24 24 24 16 21 29 23 22 19 19 31 30 19 32 29 30 27 29 25 28 31 19 18 20 17 25 23 24 0 17 18 32 25 29 30 22 
18 24 21 16 25 20 20 20 21 18 21 21 17 20 26 27 27 32 23 24 29 28 32 16 28 30 19 22 28 32 17 27 20 23 17 27 18 18 23 23 19 18 30 0 31 24 32 24 21 31 
26 26 25 21 25 16 30 17 27 21 21 24 23 25 26 24 17 22 31 21 29 27 27 30 19 17 27 28 28 20 29 28 29 19 25 23 27 19 32 19 20 20 29 17 0 18 17 20 31 19 
27 26 20 32 31 20 17 30 28 30 26 23 27 19 25 23 19 18 31 30 31 20 18 21 18 28 32 18 17 30 25 18 31 24 24 16 32 30 22 20 21 17 31 25 16 0 21 30 26 16 
19 23 19 32 32 31 17 18 30 22 32 18 23 19 26 16 30 16 20 23 31 22 31 27 22 18 32 22 26 16 18 30 20 23 29 20 21 17 26 19 19 27 16 27 22 24 0 17 27 20 
21 22 23 26 26 16 26 32 18 29 28 25 17 26 28 22 30 18 24 21 20 18 29 25 21 18 18 32 23 16 23 18 30 19 25 25 23 30 23 31 21 30 18 18 24 32 24 0 24 19 
17 29 28 28 25 21 28 18 23 31 22 16 27 31 30 30 25 21 19 18 28 30 30 23 19 32 26 27 22 23 30 28 31 29 30 21 23 27 20 23 27 22 19 30 19 23 31 18 0 29 
29 21 25 30 31 30 27 27 28 30 24 23 30 18 23 27 26 26 21 18 27 18 29 25 32 28 32 21 30 18 19 28 20 26 28 25 27 22 30 20 28 18 31 16 16 20 17 26 25 0 
0 30 32 19 22 21 30 21 30 27 21 22 21 28 30 32 21 32 31 30 21 22 31 18 21 19 18 24 20 30 16 23 21 17 16 30 32 25 24 28 30 22 21 24 31 17 29 22 21 21 
27 0 20 26 17 25 23 19 26 27 31 22 30 17 30 27 19 25 16 27 26 18 21 29 17 32 18 31 30 26 24 30 24 22 27 23 26 23 26 22 19 22 26 24 19 21 22 17 29 31 
23 16 0 29 23 24 28 29 28 23 31 29 28 18 25 26 17 26 26 32 21 32 24 32 24 16 27 32 25 29 22 19 23 31 17 19 16 25 24 17 21 25 23 31 20 31 18 24 19 32 
16 24 24 0 26 23 18 20 27 23 31 30 29 20 23 26 18 27 16 30 22 21 24 27 26 24 31 19 21 30 22 31 21 32 17 25 18 26 21 32 28 28 26 22 21 27 30 20 20 29 
23 19 28 32 0 25 28 20 19 18 27 29 17 29 28 21 30 19 23 20 20 18 23 19 17 29 21 31 23 22 20 21 23 20 28 21 31 30 28 20 21 17 18 23 29 19 31 28 30 28 
29 16 31 18 31 0 32 17 32 20 17 21 26 21 26 21 17 17 32 17 26 22 24 23 17 26 26 19 31 25 19 20 24 18 31 31 25 17 16 30 18 31 22 31 32 17 17 22 29 31 
19 32 20 29 17 20 0 23 24 28 24 23 31 23 26 23 29 27 21 16 17 21 23 30 26 22 26 30 23 21 21 21 25 22 28 22 16 30 19 20 23 29 29 29 29 32 21 25 18 27 
20 26 23 29 18 31 26 0 32 29 21 19 29 30 16 24 20 19 30 27 19 31 20 26 27 31 22 18 29 29 17 19 21 27 20 26 30 31 23 21 19 17 19 30 32 21 25 32 27 23 
24 27 28 28 22 31 30 21 0 32 19 18 18 21 30 32 16 32 31 27 19 31 28 29 22 28 26 21 23 26 28 18 28 19 29 27 27 25 17 23 23 30 25 19 29 27 19 31 31 18 
19 22 22 23 23 24 21 22 31 0 29 31 32 27 22 21 24 25 18 32 18 16 21 23 24 30 17 16 17 22 29 23 17 28 24 26 28 26 19 20 17 29 18 20 20 17 25 29 22 19 
32 17 21 26 27 30 30 17 17 29 0 32 22 29 23 27 28 19 26 16 19 29 28 24 31 22 28 31 30 31 25 27 26 26 23 27 26 28 27 17 31 20 31 31 31 29 17 30 26 28 
28 26 26 30 32 27 25 20 24 17 23 0 27 26 31 19 21 18 22 29 27 28 32 30 32 21 27 26 18 19 18 16 22 27 19 24 28 22 29 30 17 18 25 22 23 24 18 25 25 30 
17 23 29 21 16 24 19 27 22 29 19 26 0 18 27 25 28 31 28 31 32 24 27 18 23 22 24 18 29 19 16 27 24 27 29 20 29 31 24 23 21 19 29 23 21 23 27 30 18 20 
29 26 26 31 18 28 19 21 24 18 18 30 25 0 32 21 29 25 22 32 24 21 24 19 30 21 29 25 21 19 31 31 25 22 28 32 29 30 17 28 29 19 28 27 32 31 27 31 31 21 
32 18 18 26 19 24 18 23 19 18 28 29 17 22 0 23 17 29 19 28 22 30 18 22 28 31 21 30 32 27 23 23 26 23 28 17 26 17 30 23 21 19 17 30 20 25 16 27 22 20 
21 30 25 29 32 22 25 31 27 30 26 30 22 19 18 0 17 21 20 28 18 27 31 28 19 24 16 30 23 32 20 20 23 24 26 23 26 24 22 27 29 31 27 20 21 29 19 18 18 22 
22 28 29 28 30 19 25 29 27 30 30 26 31 24 30 17 0 17 24 30 26 24 24 24 21 32 21 22 22 22 16 24 31 29 30 20 16 17 18 22 17 26 22 17 28 21 22 29 16 17 
30 29 24 30 24 27 21 21 24 20 20 18 25 32 30 23 20 0 30 31 26 24 31 25 29 21 20 20 22 19 21 26 31 28 23 23 29 25 28 28 21 22 23 22 25 26 30 31 22 25 
30 21 32 20 32 28 28 29 16 19 28 18 17 23 20 27 17 23 0 28 17 25 24 20 24 29 16 18 17 26 24 25 20 26 26 19 29 31 21 31 21 29 29 28 29 16 25 20 20 25 
30 27 29 24 31 24 19 30 29 29 16 27 23 24 23 24 19 23 25 0 24 27 29 17 17 30 24 25 25 16 27 26 27 27 30 25 22 22 24 21 18 19 18 18 32 17 23 26 28 29 
27 22 19 25 29 24 28 26 16 30 30 22 30 30 30 19 26 24 18 31 0 17 29 27 25 26 26 19 25 17 20 31 26 31 19 28 29 22 30 18 23 18 18 24 30 22 19 29 18 25 
20 19 20 27 21 21 30 28 26 24 23 30 26 19 18 20 18 16 25 31 23 0 32 17 17 16 21 22 18 29 31 29 31 30 26 19 19 29 26 20 23 16 24 22 30 20 19 29 23 29 
30 30 21 29 29 18 23 21 21 19 29 18 22 26 20 21 19 30 28 25 22 23 0 29 20 27 25 24 22 18 23 27 23 26 30 16 20 23 25 32 32 23 20 22 28 17 26 19 32 26 
29 17 17 23 23 18 26 25 22 16 24 30 32 28 19 22 32 24 27 30 30 26 24 0 26 25 18 30 19 28 29 26 25 28 27 31 21 30 30 25 27 29 31 21 22 30 17 25 17 18 
25 24 18 32 29 19 16 17 24 25 25 17 29 23 20 30 26 27 30 30 25 24 21 24 0 26 18 27 18 20 19 20 28 21 16 31 29 17 24 16 20 29 19 30 30 20 25 30 23 26 
28 19 17 29 27 30 22 24 20 29 20 16 29 24 30 19 30 32 31 31 24 24 30 25 29 0 23 28 23 20 25 26 30 24 28 31 18 20 23 26 20 25 30 29 18 24 29 25 19 30 
29 21 31 27 23 25 21 20 32 25 18 25 26 18 28 26 32 18 20 32 20 25 32 27 30 25 0 26 19 29 23 24 32 32 30 28 17 31 27 17 31 30 24 29 25 17 30 23 16 29 
28 22 27 30 31 23 32 17 31 20 22 32 30 18 27 20 23 22 24 32 32 21 22 18 26 20 21 0 29 21 29 20 30 26 18 18 19 29 27 20 23 27 24 17 31 24 20 21 20 27 
18 19 19 32 30 27 28 27 29 21 19 19 22 19 18 24 21 24 20 31 22 19 24 24 22 21 32 24 0 20 32 19 17 23 24 16 23 25 25 28 31 16 20 24 27 20 32 16 28 21 
25 25 20 21 27 32 20 28 20 30 19 21 27 32 29 28 32 31 30 22 18 17 25 23 20 16 21 21 19 0 26 29 19 22 22 30 20 25 27 24 31 18 29 31 20 21 25 22 23 28 
20 29 17 25 21 30 16 21 18 32 21 16 30 27 32 22 29 30 23 25 21 27 19 22 27 21 27 23 24 21 0 17 18 26 24 22 22 31 21 17 26 25 19 19 19 24 30 30 23 19 
16 28 26 29 23 21 24 29 24 17 29 26 32 21 17 25 31 17 24 23 23 25 29 23 24 19 28 31 18 20 20 0 32 30 32 17 30 22 18 32 22 31 23 28 21 27 23 28 23 16 
18 20 22 30 19 29 26 24 29 18 19 31 23 19 25 32 29 29 25 25 27 28 16 31 20 17 27 20 25 23 21 17 0 17 28 27 31 21 22 23 22 26 29 30 17 29 17 27 28 28 
27 26 18 27 20 21 21 19 30 18 25 30 20 24 22 23 20 24 24 27 22 28 29 21 25 20 22 26 22 26 30 16 23 0 21 17 22 28 18 20 26 16 21 25 21 31 18 18 29 24 
29 28 26 21 28 27 22 28 28 26 19 27 18 29 30 20 19 23 21 27 28 22 21 25 31 21 22 31 31 32 28 20 25 25 0 25 26 25 29 26 19 25 17 23 24 24 28 19 22 30 
23 21 25 22 20 29 25 22 26 19 24 19 16 23 31 25 32 21 29 17 31 18 30 26 29 24 30 22 22 25 22 30 25 27 30 0 18 32 31 16 31 22 29 28 25 26 32 18 17 29 
22 23 24 29 20 18 17 27 28 30 26 27 27 30 31 29 28 22 30 31 27 23 32 29 29 29 17 27 22 25 31 26 30 25 29 18 0 23 32 18 19 31 29 31 16 24 24 25 18 27 
25 21 18 17 29 27 21 17 23 22 20 28 30 25 19 31 19 16 28 23 18 22 31 26 19 26 22 22 19 27 31 25 20 19 24 30 32 0 25 19 17 30 27 26 25 21 19 28 21 23 
29 21 27 20 17 16 19 20 18 30 23 25 29 20 22 31 20 23 23 19 31 19 29 29 19 24 21 17 30 28 24 21 25 28 17 28 17 31 0 18 25 21 31 27 26 18 32 16 27 30 
29 23 30 30 20 31 30 25 20 19 20 28 32 24 23 22 26 25 28 26 25 17 16 19 31 25 29 17 27 22 30 17 16 30 24 32 31 32 32 0 31 31 25 30 31 24 27 20 25 18 
30 17 22 22 25 32 31 28 24 16 16 20 19 28 18 24 21 32 17 27 30 18 30 29 17 20 19 25 30 21 20 28 23 26 21 19 19 30 16 20 0 19 23 22 21 22 25 21 19 28 
22 22 25 18 28 26 19 19 26 18 30 28 18 24 30 21 20 29 28 19 23 29 19 24 29 29 16 24 26 16 26 30 19 27 17 23 26 17 17 20 30 0 25 29 27 25 32 32 31 23 
18 31 17 20 20 21 20 27 27 21 26 16 30 27 27 31 19 23 21 27 19 25 25 27 17 29 20 25 32 29 27 26 20 31 27 21 29 24 28 25 30 20 0 19 21 23 23 22 32 29 
31 26 30 23 21 26 17 17 22 29 31 24 29 26 22 24 28 19 18 25 22 30 21 28 25 25 23 31 25 17 22 30 25 22 30 31 17 29 23 27 21 23 25 0 27 32 32 20 18 18 
28 26 16 22 19 16 21 22 17 29 20 17 25 22 29 32 28 28 31 28 21 17 22 22 18 24 25 30 22 26 21 24 17 28 23 25 28 26 17 26 20 21 18 31 0 23 28 22 29 24 
22 32 25 16 28 21 26 16 17 25 29 23 29 22 21 25 20 16 32 21 26 19 19 27 23 32 28 19 28 28 27 24 21 30 27 19 20 24 30 18 20 21 23 31 24 0 17 24 19 24 
19 20 30 32 19 24 18 28 22 16 18 29 19 22 27 26 30 24 30 30 26 22 21 16 24 24 28 22 22 24 20 22 29 25 24 23 24 23 19 30 21 28 27 22 17 20 0 31 23 25 
16 28 24 29 31 22 29 31 29 23 16 26 30 18 22 19 23 32 29 24 23 18 32 20 25 30 29 23 30 25 23 21 28 20 21 29 32 21 31 31 21 30 17 19 32 28 27 0 29 20 
26 30 32 29 28 29 30 18 20 25 29 32 27 27 30 21 16 23 19 18 17 24 17 18 18 28 24 23 22 21 29 29 17 21 21 23 27 20 27 30 17 18 25 27 24 24 19 18 0 24 
23 22 32 26 26 18 28 25 18 21 28 29 22 16 16 25 26 25 25 32 31 19 28 17 19 27 27 28 17 24 19 27 17 31 29 26 28 19 20 25 24 31 24 31 22 21 19 29 17 0 
0 32 28 30 24 17 23 25 20 31 19 25 28 28 25 22 23 23 19 23 20 16 28 28 21 16 25 31 16 31 18 31 17 16 23 27 24 30 26 17 24 32 29 28 31 31 24 22 22 31 
19 0 18 21 27 26 22 23 25 27 23 32 18 30 22 21 31 25 19 19 24 30 20 24 21 21 28 19 22 24 19 32 25 18 31 32 26 21 18 32 17 20 30 20 23 21 21 26 20 19 
18 18 0 26 19 19 32 26 28 26 24 22 29 16 23 25 27 30 26 25 26 29 20 30 23 18 23 26 25 28 17 22 31 32 19 25 23 19 27 20 21 25 30 31 16 26 18 16 17 27 
26 20 25 0 28 28 16 21 29 25 21 18 30 32 19 30 29 27 19 25 21 32 20 18 19 31 32 22 29 31 28 22 32 30 29 17 17 26 32 23 18 29 24 20 20 23 32 25 31 21 
23 19 25 16 0 17 25 28 21 26 21 32 30 23 25 23 24 29 30 24 21 17 29 23 32 28 18 16 18 29 29 31 18 24 29 18 28 20 21 26 29 28 28 20 31 32 18 29 26 20 
19 16 24 28 25 0 17 28 21 29 20 18 18 24 29 22 32 23 16 30 26 24 24 29 32 29 17 19 19 26 22 22 22 23 25 18 21 28 17 18 27 23 30 19 21 21 27 17 25 22 
27 32 27 19 31 20 0 25 29 17 31 25 31 25 26 27 19 28 17 28 22 25 16 32 29 24 20 27 17 25 30 27 28 20 23 29 32 20 27 16 24 21 26 21 32 29 16 24 22 19 
22 21 24 20 28 25 24 0 27 18 31 28 20 26 27 20 27 28 23 31 25 23 21 20 24 23 18 32 29 26 28 19 31 26 23 21 30 29 25 25 26 21 23 22 24 25 29 23 23 29 
16 27 17 21 19 19 28 21 0 24 22 27 20 22 19 32 26 29 17 23 24 29 32 24 23 18 26 29 21 19 17 19 18 20 16 30 23 29 27 17 25 23 23 32 21 18 31 23 18 16 
17 19 30 21 22 32 26 24 22 0 18 26 20 29 31 22 28 22 22 16 23 30 17 22 16 31 18 21 23 28 23 24 18 18 22 30 23 25 28 18 27 22 25 29 31 29 19 19 27 27 
29 17 30 31 29 21 25 19 16 28 0 24 27 30 20 25 29 24 28 29 31 30 24 18 24 18 18 29 22 26 32 18 30 18 26 20 32 26 16 18 19 31 16 28 29 27 27 24 25 27 
30 19 24 25 22 23 18 31 26 29 28 0 30 24 18 32 18 27 21 25 32 31 25 22 27 21 25 28 18 31 17 23 28 23 30 26 18 26 32 25 30 32 30 19 25 21 21 30 27 21 
25 24 26 21 26 29 17 24 32 21 29 27 0 18 27 24 30 29 28 23 20 26 19 17 30 17 28 26 20 31 20 22 30 17 28 27 29 20 27 21 26 18 26 32 19 22 31 27 18 27 
26 30 18 30 21 27 24 30 19 26 16 23 28 0 20 25 17 25 28 28 20 21 21 27 22 23 23 22 18 23 28 21 26 22 28 27 29 24 28 20 24 28 31 29 21 21 32 20 19 32 
18 21 20 27 20 19 17 23 22 18 21 25 19 31 0 28 21 26 23 16 23 26 26 32 22 26 21 22 17 19 26 31 23 27 20 25 31 27 24 27 19 22 17 25 28 30 25 17 27 20 
32 30 26 23 26 16 31 26 22 26 30 17 20 30 32 0 23 25 31 28 22 17 23 17 19 23 27 20 31 29 31 26 21 26 32 20 30 18 21 17 22 31 19 28 32 24 32 16 30 29 
31 22 32 21 22 23 16 17 23 28 23 26 22 26 29 31 0 16 18 18 30 17 30 28 19 32 23 30 16 22 20 16 18 28 31 25 32 23 21 28 19 20 28 29 21 27 18 24 27 27 
26 22 32 29 20 29 24 31 26 21 30 28 31 25 20 26 23 0 23 30 27 19 30 26 30 19 21 31 27 18 25 20 31 32 30 27 23 16 23 30 29 19 21 32 18 19 18 31 31 27 
22 27 21 27 19 32 32 31 25 21 26 24 30 32 24 20 21 25 0 24 31 28 31 24 21 30 24 24 31 30 20 30 20 17 17 22 18 19 26 31 26 26 19 18 18 28 28 26 28 18 
21 26 32 26 23 21 28 23 29 32 24 22 30 25 23 26 18 30 16 0 19 19 28 21 19 28 18 28 32 19 19 22 25 30 21 20 20 27 19 28 30 21 19 20 30 28 31 23 23 28 
17 27 22 21 31 25 17 17 29 19 18 26 28 29 23 23 20 26 17 18 0 32 27 18 17 30 22 23 29 32 29 24 32 28 20 22 20 24 32 27 24 31 21 28 31 17 22 23 18 19 
31 23 27 19 23 21 17 25 25 24 17 29 23 29 23 20 20 27 20 18 32 0 22 18 31 24 24 28 19 27 29 28 29 23 21 31 22 28 23 19 32 30 19 18 20 32 28 23 20 25 
30 31 25 16 20 17 20 28 28 29 16 28 32 26 19 23 25 22 30 29 32 19 0 18 28 28 24 30 29 18 16 32 27 25 30 18 25 32 23 27 20 20 16 28 22 24 16 19 31 32 
25 20 19 21 32 32 31 27 27 25 29 24 20 30 24 31 26 17 31 19 26 17 25 0 18 32 21 31 26 23 22 19 16 16 29 19 25 22 21 27 24 18 19 25 20 29 21 24 21 25 
24 29 25 22 22 31 16 24 21 27 21 26 30 29 24 22 24 32 30 27 29 17 23 26 0 21 18 23 18 21 23 20 28 27 27 18 22 29 29 29 31 30 27 27 20 31 20 26 32 29 
24 22 28 21 31 29 27 20 22 25 17 18 16 26 18 18 24 24 25 23 27 32 31 29 20 0 20 22 17 17 22 29 20 19 19 23 27 23 16 29 28 20 30 29 29 30 29 29 18 17 
28 25 27 19 17 22 21 23 31 16 19 31 17 18 28 20 30 18 20 27 26 19 22 30 24 31 0 20 29 30 29 19 32 21 23 23 22 25 26 24 17 32 25 23 29 32 21 29 18 28 
24 21 31 25 19 24 32 23 28 17 24 17 29 23 20 20 22 22 23 22 32 27 26 18 16 27 29 0 27 29 16 32 18 22 19 22 17 30 20 29 18 17 22 32 18 28 18 19 24 19 
18 19 29 21 22 28 23 20 26 31 16 20 31 28 31 24 32 30 20 31 18 32 29 30 16 29 28 25 0 29 24 29 24 22 25 22 17 31 28 24 22 17 21 30 24 19 21 22 27 19 
26 21 28 24 27 27 25 18 21 19 21 24 20 27 25 24 26 18 27 18 27 19 24 27 27 30 26 26 29 0 23 28 19 32 32 28 25 19 29 21 21 17 20 31 32 31 21 17 32 19 
17 26 24 31 20 31 22 26 24 28 17 24 27 26 19 28 31 29 20 26 30 27 19 27 22 21 24 27 23 22 0 29 30 29 24 19 22 21 32 26 32 22 26 17 22 18 25 17 27 29 
21 30 31 21 23 32 28 19 31 30 28 27 19 18 28 27 29 28 32 19 16 28 25 27 29 32 26 19 30 19 32 0 20 20 26 32 28 27 20 19 16 19 24 24 28 28 23 17 18 19 
27 28 23 28 19 27 19 29 18 30 21 22 22 25 23 22 22 19 27 19 24 29 32 23 30 19 24 18 25 26 29 30 0 27 28 18 22 27 31 18 25 25 29 31 32 21 29 21 29 17 
21 17 22 17 28 32 22 21 26 22 21 20 27 25 24 25 23 29 31 31 28 24 24 29 21 21 22 20 24 30 17 29 18 0 17 23 19 30 21 16 28 19 23 27 31 31 23 32 18 23 
27 26 16 31 27 19 30 24 19 18 27 17 32 16 24 32 30 20 23 30 19 27 18 20 27 26 23 29 29 27 25 17 21 27 0 18 26 21 31 26 32 17 19 25 32 29 19 32 16 23 
19 27 28 28 25 27 25 32 22 26 19 30 30 28 30 22 21 32 21 16 32 23 29 18 17 25 23 26 23 31 18 28 18 22 24 0 19 22 28 16 30 22 24 19 23 28 20 23 23 31 
19 23 18 26 28 20 24 31 29 22 21 28 20 29 25 29 22 23 19 19 24 32 29 27 17 17 31 29 17 27 25 26 19 27 31 17 0 20 30 20 25 22 26 29 19 29 21 31 26 31 
31 25 25 21 20 28 25 21 28 25 26 18 32 24 17 18 22 24 25 24 18 22 28 32 20 20 25 20 20 29 23 22 24 22 17 20 29 0 23 23 23 21 29 17 23 30 28 19 25 31 
32 20 31 30 17 26 27 25 26 28 18 21 19 25 21 17 27 27 25 22 32 18 19 30 19 32 23 29 22 29 19 31 25 28 17 23 23 27 0 32 27 28 24 19 19 29 19 22 23 24 
32 29 29 24 19 31 22 20 18 20 25 20 29 25 20 19 32 24 26 21 29 21 32 20 28 18 31 31 18 17 16 32 18 29 17 16 27 17 24 0 30 26 26 20 29 32 21 19 23 30 
17 19 19 24 21 22 32 29 24 17 27 24 31 30 27 22 23 30 28 18 29 23 24 17 29 16 25 17 19 25 21 27 26 26 29 22 20 20 25 31 0 26 30 20 16 30 17 27 25 30 
25 21 23 19 25 18 26 30 31 20 18 27 17 29 25 27 29 23 21 21 19 22 19 19 29 29 20 19 31 27 16 17 17 32 28 18 28 22 27 19 19 0 17 26 30 30 22 31 25 23 
31 32 29 18 26 25 29 19 30 19 29 17 19 16 21 18 31 29 21 20 20 17 22 19 19 26 22 26 27 25 27 20 27 26 31 18 24 22 29 23 18 21 0 19 20 18 28 20 31 17 
30 21 32 18 30 30 24 23 23 25 23 24 18 19 31 32 20 24 27 18 27 23 27 21 24 17 29 30 20 19 32 17 20 32 21 21 26 24 20 25 18 23 22 0 24 16 27 27 27 30 
19 31 20 19 22 18 17 24 28 28 18 19 20 30 21 20 24 22 31 28 16 29 19 29 31 16 18 20 19 27 30 30 23 27 19 23 31 31 27 25 22 17 19 19 0 23 30 28 20 17 
19 21 24 26 26 25 25 20 24 16 30 28 21 16 20 27 17 25 32 24 29 25 20 26 22 17 30 16 21 32 22 19 20 20 23 17 17 20 20 17 21 27 24 28 17 0 24 19 28 16 
24 17 18 27 18 25 27 20 25 30 23 21 32 29 20 23 19 19 17 19 17 30 19 18 29 31 30 17 28 27 18 21 31 25 23 31 32 22 22 28 28 25 18 17 27 19 0 32 16 25 
25 25 17 24 32 31 17 32 22 32 27 25 31 18 29 20 30 26 19 20 31 23 20 28 18 26 29 29 22 28 32 27 21 24 29 17 26 27 29 24 25 27 25 28 20 32 28 0 31 19 
32 20 23 31 23 21 21 21 17 25 19 17 24 26 28 19 17 21 21 17 30 24 17 20 26 25 28 19 29 27 20 24 25 24 32 22 22 17 23 24 31 31 20 25 23 21 29 20 0 26 
19 23 18 25 24 26 21 26 24 19 23 27 18 29 32 27 31 25 17 20 26 22 20 31 18 28 23 27 29 27 30 22 29 31 30 19 24 22 20 21 24 24 32 20 19 31 21 28 25 0 
0 25 21 31 31 28 30 20 17 24 32 18 17 19 16 20 25 32 31 28 16 17 31 30 18 21 23 28 22 29 32 28 26 26 26 19 26 31 19 30 21 28 24 28 21 28 29 25 26 20 
31 0 29 30 25 30 23 21 24 21 24 32 22 28 28 27 26 31 28 25 28 18 21 22 28 16 17 28 31 17 26 27 27 25 23 21 24 17 27 18 31 20 25 24 31 27 17 17 25 31 
29 31 0 25 26 27 19 18 20 32 22 23 20 30 17 18 16 23 29 27 32 20 17 18 26 19 19 22 19 31 28 22 28 18 25 17 24 26 17 20 27 24 26 27 32 32 19 25 28 16 
27 32 31 0 30 21 26 22 25 19 22 18 21 20 18 28 23 19 19 22 18 25 16 17 19 27 29 16 27 17 17 23 24 29 19 23 32 24 32 30 23 25 22 30 20 26 21 26 17 26 
20 27 28 30 0 27 18 23 25 27 22 16 17 27 25 22 20 25 20 23 25 27 23 21 30 17 24 16 24 26 31 26 21 24 21 30 19 19 24 22 31 31 18 30 19 27 20 23 23 17 
16 27 17 26 31 0 31 29 27 25 28 19 26 23 31 30 25 32 32 32 25 28 27 26 31 26 28 24 20 27 25 30 25 31 18 22 24 22 24 19 19 30 22 18 20 19 32 24 26 21 
26 21 27 18 30 32 0 26 31 25 23 18 27 21 20 25 16 24 25 30 32 32 31 20 22 31 28 28 27 28 31 20 32 27 29 32 29 30 32 31 26 22 28 26 18 18 28 25 31 28 
17 31 27 29 16 27 31 0 26 21 30 16 20 17 21 31 31 26 18 22 24 17 31 25 20 29 31 20 21 17 26 18 21 17 21 25 25 25 29 24 25 22 17 27 20 25 20 22 20 30 
32 20 27 26 32 23 25 29 0 25 27 32 27 21 32 18 29 17 27 19 18 29 18 27 30 22 21 23 20 16 19 22 30 26 17 23 21 23 30 28 21 18 20 23 25 25 21 21 22 17 
16 21 31 19 17 31 18 18 31 0 30 28 25 28 17 20 17 22 26 20 16 22 23 19 26 19 23 17 31 21 17 22 26 32 29 18 29 17 24 31 20 19 26 26 30 23 26 29 30 24 
21 29 18 20 21 28 19 28 24 19 0 22 22 26 21 20 29 25 24 29 30 25 22 25 17 26 28 31 20 25 30 32 30 19 31 30 26 24 31 17 30 21 26 29 25 24 32 26 22 30 
29 19 22 32 27 20 29 17 25 24 32 0 23 28 17 18 20 31 26 21 28 18 18 20 25 28 23 31 20 16 19 23 23 20 19 19 28 31 18 28 23 31 21 27 20 26 31 20 29 17 
31 16 27 30 18 23 31 20 27 23 21 30 0 25 27 17 26 22 25 31 26 25 17 23 19 26 31 26 26 18 18 30 27 16 28 20 16 24 24 24 23 17 17 27 17 23 23 27 24 26 
24 29 24 30 19 30 24 24 28 28 31 20 16 0 17 28 26 28 24 18 25 27 18 25 29 27 27 23 24 22 20 27 22 30 20 25 29 26 26 17 21 17 18 24 25 25 20 32 17 17 
25 30 25 21 22 21 31 19 20 31 32 28 17 29 0 23 21 18 32 31 20 21 18 24 21 30 29 32 17 25 18 18 20 31 18 20 20 22 16 25 26 30 24 17 24 26 22 31 29 28 
18 19 22 30 32 31 24 17 27 24 29 20 29 32 21 0 31 17 31 20 19 24 25 29 25 20 30 30 17 29 32 31 19 26 27 30 18 17 32 18 25 17 21 29 30 28 24 16 24 19 
29 27 25 23 18 18 21 28 22 22 26 19 25 18 23 31 0 20 22 26 27 18 27 29 17 30 26 19 25 29 18 19 23 18 25 19 21 16 20 24 31 29 24 31 27 27 21 23 19 17 
18 21 25 20 21 17 32 20 27 30 24 27 20 23 24 30 30 0 21 16 30 18 28 28 19 22 21 24 26 26 22 16 20 27 30 32 31 28 29 22 20 26 17 24 17 16 30 23 18 30 
27 32 23 26 17 26 23 18 32 22 29 27 23 28 30 31 32 31 0 20 22 28 19 32 17 23 23 28 30 23 25 29 31 16 28 29 30 17 25 31 30 31 25 20 28 27 31 30 31 16 
30 28 27 16 23 17 22 23 28 20 28 32 22 31 28 18 22 20 19 0 25 32 20 21 22 30 16 23 16 20 27 28 16 18 23 32 21 16 22 17 28 23 22 30 31 22 20 19 25 25 
23 20 23 26 27 27 20 26 23 25 28 19 26 21 29 18 22 17 23 26 0 25 16 28 29 20 25 22 31 31 16 20 27 19 27 26 29 30 29 19 26 29 16 17 23 17 24 22 27 20 
27 29 16 30 20 16 16 26 25 17 30 24 26 27 31 32 29 24 24 18 20 0 24 28 17 23 17 22 22 22 25 22 20 27 24 29 25 32 17 26 18 22 23 17 24 16 31 24 22 26 
20 24 25 32 25 26 18 23 29 27 22 19 31 22 23 28 24 32 23 25 32 22 0 21 17 26 18 21 32 28 29 32 22 32 28 30 17 23 25 32 29 24 25 31 27 16 22 32 22 17 
17 19 32 19 18 22 21 22 27 28 26 23 20 19 24 27 19 31 16 27 29 28 20 0 24 25 16 29 26 18 31 30 19 22 28 28 22 24 25 22 20 25 18 19 32 17 31 17 20 23 
16 28 21 29 30 32 32 25 25 24 24 23 32 30 19 26 17 24 29 20 25 28 19 26 0 26 16 20 22 26 19 26 18 19 20 26 19 32 20 31 32 19 16 22 24 16 31 32 25 17 
25 23 31 21 28 20 21 28 27 23 28 27 30 31 21 28 24 17 24 25 16 29 18 24 31 0 31 24 17 24 23 19 32 31 20 21 32 26 25 16 31 24 18 25 29 32 19 32 18 24 
27 24 18 21 32 22 21 18 21 17 19 31 22 16 22 21 27 25 16 28 29 22 30 23 32 20 0 16 25 18 19 30 21 32 22 27 22 26 24 24 21 29 26 26 17 32 23 24 32 32 
24 31 29 19 29 23 17 21 18 26 20 32 31 18 17 20 32 18 19 32 22 27 25 26 22 25 27 0 23 29 24 28 31 17 29 31 31 20 26 25 22 31 21 20 22 17 18 22 20 17 
19 26 23 19 22 20 19 18 27 25 18 17 22 28 18 29 24 22 23 25 28 23 22 21 18 20 17 20 0 17 25 30 16 28 19 25 25 27 32 25 26 18 24 26 25 27 28 23 23 24 
29 23 27 17 22 19 16 30 25 28 26 17 31 25 19 29 25 25 30 24 20 31 32 16 31 16 18 17 21 0 30 24 30 28 26 20 25 29 20 24 21 31 16 20 27 23 19 22 23 17 
28 18 29 28 27 25 30 19 32 18 22 16 16 31 28 22 19 23 28 26 18 32 23 32 29 20 21 20 20 17 0 25 26 28 17 22 26 23 31 29 29 19 22 25 28 18 22 18 20 17 
18 21 22 22 23 20 27 32 29 18 17 18 21 31 27 17 17 27 32 27 17 26 25 17 24 24 20 29 22 26 31 0 30 20 19 19 27 17 17 16 29 26 19 19 26 26 25 28 19 31 
18 18 16 31 21 26 28 25 23 24 17 17 24 32 30 21 28 24 29 28 16 18 26 26 26 21 30 17 23 31 24 22 0 17 19 25 20 20 23 17 24 17 23 22 28 24 17 18 21 24 
27 23 18 19 27 24 28 21 18 23 29 18 24 26 18 16 30 26 22 17 28 22 25 27 26 28 20 16 27 19 30 23 19 0 29 29 17 32 21 22 28 24 28 30 21 22 22 21 32 31 
24 28 28 23 28 24 28 31 17 18 18 21 28 23 28 24 31 23 23 22 19 22 16 26 22 31 27 19 19 24 17 17 31 21 0 30 17 24 31 21 22 19 18 18 19 22 18 20 32 24 
25 25 27 31 17 19 31 23 26 29 18 27 31 23 32 17 19 28 24 26 20 22 20 25 19 21 28 21 21 28 21 30 24 19 30 0 32 17 31 21 16 29 32 23 27 16 24 29 25 30 
29 32 17 29 26 28 26 21 16 28 24 17 32 29 22 21 22 20 19 21 18 30 17 28 21 28 32 16 17 28 18 19 22 32 28 31 0 22 25 19 20 27 19 27 16 22 18 31 24 32 
27 25 29 23 26 27 20 31 20 20 19 21 29 32 21 21 30 31 25 30 28 21 26 22 19 32 23 28 24 26 21 17 18 23 28 31 22 0 16 29 31 26 20 27 23 18 31 31 25 20 
32 20 25 31 32 31 29 24 26 31 19 29 32 29 32 20 23 17 22 24 24 18 31 21 31 23 29 18 23 27 20 20 22 30 31 28 27 29 0 29 21 19 21 25 16 17 30 30 29 27 
17 24 30 17 26 20 19 20 22 26 23 17 19 25 23 30 18 22 25 24 32 17 29 20 21 30 17 18 29 27 24 29 18 24 21 27 27 22 23 0 18 17 18 20 18 26 26 19 28 17 
25 23 20 21 21 19 27 32 17 30 20 29 16 28 28 22 31 17 24 24 24 23 22 22 30 16 26 27 26 24 28 27 26 18 17 16 18 31 26 24 0 31 20 24 27 23 25 26 22 29 
25 21 31 22 24 18 18 27 23 21 18 20 26 32 21 17 27 31 21 31 18 19 24 27 30 20 24 19 19 22 26 32 27 30 28 23 31 25 30 17 19 0 19 23 21 24 30 25 29 18 
27 22 21 21 17 18 17 29 25 21 30 29 27 25 23 27 23 31 19 21 28 32 30 29 17 21 32 18 31 17 32 19 25 16 20 24 27 32 24 21 17 22 0 21 28 32 27 25 20 23 
26 27 19 26 24 19 30 27 18 22 32 18 20 31 29 18 26 19 16 18 25 29 23 32 26 21 23 27 18 30 30 16 30 26 17 25 17 24 17 26 20 24 17 0 19 21 21 20 24 17 
28 24 19 27 26 21 22 17 29 22 31 30 24 16 30 32 20 16 31 22 32 22 28 18 28 19 24 23 27 16 32 32 20 16 26 30 31 29 28 17 28 22 18 22 0 27 26 19 27 29 
24 31 19 20 20 17 29 28 18 23 26 20 27 21 26 28 28 21 25 28 29 27 31 20 17 22 32 28 24 21 19 18 28 29 25 20 22 22 30 26 22 26 17 23 32 0 24 20 20 23 
25 24 18 18 17 28 30 29 23 31 31 32 18 32 24 25 17 23 22 24 27 19 23 17 18 28 26 23 31 28 23 23 27 21 26 20 20 29 32 25 24 26 17 21 28 29 0 29 23 20 
19 29 23 21 21 28 17 19 32 19 31 31 22 31 16 22 20 24 17 26 27 30 21 31 31 28 29 16 24 30 31 30 29 18 29 30 32 26 25 26 27 25 25 24 28 29 28 0 20 26 
28 26 20 30 24 22 23 27 26 20 24 23 30 21 19 30 24 16 30 31 30 21 32 28 27 16 20 25 22 18 28 28 32 25 21 17 31 23 17 18 32 30 20 24 26 20 18 21 0 21 
30 17 29 20 16 21 18 29 29 28 23 32 29 26 30 27 28 29 27 32 21 20 23 24 24 27 21 22 31 21 31 17 17 31 21 23 17 26 21 23 17 25 26 25 23 28 26 31 26 0 
0 26 28 29 23 17 25 23 26 22 28 17 23 25 23 27 31 16 18 26 21 27 26 24 24 26 20 28 24 22 29 30 26 30 20 17 20 32 28 32 17 32 24 23 24 21 26 26 30 18 
19 0 32 21 27 19 28 22 26 21 32 28 31 29 29 32 21 20 19 19 23 23 28 29 18 17 20 32 28 17 29 22 24 32 31 25 18 30 24 20 27 27 19 19 30 20 28 28 21 28 
32 21 0 31 25 24 18 31 18 31 18 28 25 18 31 30 28 29 25 32 25 27 23 21 25 18 25 19 30 24 32 27 21 21 32 24 28 26 24 23 25 25 18 20 21 19 27 25 31 30 
32 19 31 0 31 31 30 27 17 23 27 21 28 19 19 23 22 17 18 18 30 29 27 27 29 21 18 31 16 26 19 32 22 28 21 30 18 28 25 27 19 19 31 18 31 21 26 30 28 17 
29 20 25 24 0 24 29 22 19 26 19 19 16 26 23 18 25 24 28 32 19 27 26 26 30 32 25 24 20 21 19 30 29 18 20 30 19 19 23 26 27 32 26 24 32 30 17 31 19 26 
28 17 27 19 29 0 17 22 16 19 25 28 22 27 21 29 17 17 21 24 29 17 24 17 21 23 21 21 21 22 30 31 29 20 17 23 19 29 29 32 23 22 24 20 27 25 22 31 20 23 
29 16 19 24 21 16 0 29 27 23 26 27 24 16 17 32 27 17 16 18 31 26 16 31 18 17 18 30 20 22 17 17 25 23 28 18 31 27 17 31 20 26 28 23 31 21 16 32 25 24 
24 31 28 30 30 19 19 0 26 21 23 19 26 18 20 23 18 23 22 19 23 30 20 28 25 20 17 20 31 21 27 30 31 18 23 26 26 17 25 25 26 31 25 23 29 21 29 17 29 27 
27 18 19 25 17 19 28 26 0 23 18 21 17 20 23 20 24 18 20 18 32 17 29 25 20 27 18 17 28 32 21 28 27 18 22 30 21 31 29 19 30 21 22 22 24 19 30 19 22 20 
27 25 20 25 20 26 16 25 24 0 27 19 25 29 18 30 31 19 23 18 24 31 30 20 32 32 28 18 31 24 17 24 26 16 18 32 23 27 23 16 28 31 16 32 24 31 29 18 30 28 
21 31 27 18 27 32 29 18 29 24 0 20 28 26 16 29 16 18 29 17 19 19 27 27 23 30 23 28 23 23 29 29 24 22 32 17 29 25 27 16 32 20 16 26 24 20 24 32 26 25 
22 20 20 25 16 17 19 20 20 20 32 0 32 27 29 31 28 21 22 32 32 31 26 19 21 21 30 20 27 17 27 26 29 21 16 31 26 18 21 23 26 24 18 17 30 24 27 26 30 29 
28 17 21 22 20 17 23 19 19 27 21 31 0 22 31 24 26 21 32 22 23 22 26 26 22 29 22 20 17 18 18 18 16 19 21 19 22 31 31 27 29 21 20 22 16 24 29 18 25 30 
31 32 24 27 30 30 26 30 30 29 24 24 27 0 27 27 28 17 16 17 26 20 30 18 30 28 18 29 28 23 17 24 32 32 27 18 25 23 27 32 18 27 20 17 19 31 28 21 23 28 
16 19 31 30 22 25 20 32 22 26 20 27 27 18 0 31 27 27 24 27 28 31 19 21 32 28 24 24 26 26 30 25 26 22 26 26 26 17 28 21 27 30 17 28 22 31 18 22 17 25 
25 29 25 16 26 28 18 30 27 18 32 29 16 26 18 0 23 16 27 29 27 27 27 19 28 27 18 22 18 23 18 18 29 18 16 17 18 31 20 18 26 20 25 20 19 22 30 21 26 27 
21 28 26 23 22 25 19 28 31 20 30 28 21 19 22 24 0 26 32 30 20 20 19 29 29 20 17 32 19 26 26 17 23 24 19 24 22 17 27 23 28 27 18 18 20 21 31 31 29 19 
31 16 22 31 28 23 19 20 30 19 32 25 27 31 24 22 30 0 19 23 23 17 17 25 26 29 18 23 24 23 32 26 29 32 27 21 31 24 31 32 32 25 16 30 25 31 28 24 25 21 
29 16 19 21 16 18 28 31 27 25 32 26 23 26 25 29 20 30 0 31 18 29 22 25 21 18 28 17 26 16 28 32 23 22 23 23 26 16 27 32 25 22 31 24 27 23 25 24 24 24 
19 20 24 18 18 29 21 18 32 30 30 19 22 23 25 18 27 23 23 0 29 23 26 22 27 24 27 17 19 25 22 18 29 21 23 16 21 18 18 23 28 18 31 24 27 22 16 17 16 20 
25 29 31 25 16 17 27 20 26 26 23 26 20 20 29 21 24 24 25 24 0 20 26 26 17 23 21 22 24 25 31 19 18 24 19 28 22 29 21 24 31 26 27 31 19 28 17 30 27 17 
27 21 31 21 18 28 24 20 25 20 17 16 32 17 26 26 25 24 28 29 31 0 24 30 18 17 16 22 17 19 27 28 19 32 21 21 19 27 20 19 23 28 18 17 27 32 21 23 28 28 
29 28 25 32 23 22 17 26 31 18 29 22 32 20 31 20 20 19 19 29 18 17 0 22 21 18 24 19 21 26 17 16 26 24 25 19 24 32 32 19 23 28 28 22 28 26 30 25 32 30 
23 27 25 19 22 25 21 26 31 30 23 16 29 18 24 23 32 20 19 21 26 18 19 0 21 22 24 18 30 16 28 30 23 31 23 26 27 26 21 24 22 27 24 21 32 30 27 25 29 18 
17 29 24 29 31 28 27 23 17 30 30 25 21 20 27 25 31 18 31 27 31 21 32 23 0 19 19 25 22 16 25 21 16 16 30 16 27 30 17 17 25 31 23 28 25 30 20 17 27 26 
27 29 20 20 27 21 16 25 26 28 20 17 18 23 28 23 31 19 30 23 17 23 18 25 28 0 19 23 30 26 29 24 22 23 22 16 18 22 28 31 19 28 22 18 25 29 27 19 22 31 
32 25 24 24 30 17 19 24 18 16 18 26 24 18 16 25 28 18 19 21 30 16 32 27 27 30 0 22 27 23 17 19 24 27 19 30 30 20 29 30 29 17 19 19 21 18 22 32 31 17 
27 20 26 22 30 25 24 29 22 23 20 30 30 24 16 27 30 17 28 20 26 22 31 17 26 19 23 0 17 18 28 20 19 24 23 18 19 16 16 31 32 18 23 21 19 25 22 26 22 28 
21 31 31 31 24 29 24 30 16 32 20 16 29 30 29 22 16 19 31 25 24 31 22 28 18 23 16 18 0 16 24 21 30 29 22 29 20 27 17 29 25 22 18 18 19 27 26 30 19 16 
24 21 16 30 31 31 17 29 21 18 25 18 24 32 26 17 18 31 16 27 28 23 31 27 21 30 18 22 22 0 18 28 27 22 22 26 24 31 25 31 29 26 23 31 21 29 19 30 32 20 
28 31 25 19 22 28 26 30 20 23 28 29 17 23 24 23 22 23 24 16 25 19 27 18 17 31 28 22 21 22 0 24 24 24 22 18 22 22 18 22 20 19 30 26 32 31 23 17 32 22 
18 21 18 19 26 19 31 18 23 21 28 22 22 32 19 25 21 23 31 16 29 28 24 32 23 27 21 18 31 32 20 0 25 31 32 20 29 22 16 32 31 28 26 17 25 16 32 22 22 17 
22 17 27 31 30 32 25 24 30 28 31 28 28 22 25 21 21 18 31 29 17 31 24 19 28 28 32 30 23 31 22 29 0 16 21 29 25 18 17 20 30 17 21 18 20 22 23 19 17 17 
28 25 20 28 32 18 20 24 21 29 32 20 28 20 26 26 29 24 27 32 25 19 24 30 25 20 21 31 19 20 19 20 29 0 32 19 30 25 26 26 31 18 17 20 16 28 25 30 20 23 
19 29 21 32 31 20 26 31 17 30 21 20 27 21 29 17 26 24 22 24 19 24 18 27 28 25 18 28 23 27 27 27 30 17 0 19 18 21 16 31 24 30 17 24 20 31 24 23 25 22 
23 30 30 18 30 32 24 31 30 28 21 23 22 20 21 20 23 23 20 23 31 17 28 28 27 31 32 27 27 32 26 29 19 23 19 0 21 22 27 19 19 29 27 28 19 31 21 28 24 19 
29 31 16 32 30 16 19 30 17 30 27 21 25 24 30 21 19 28 21 27 30 30 26 21 29 23 24 29 25 22 28 30 24 29 17 27 0 32 28 17 21 21 16 32 22 24 24 31 30 21 
28 26 31 26 24 23 25 21 25 22 30 31 31 22 17 19 32 26 24 16 20 27 21 18 22 16 18 16 16 32 20 31 25 32 19 20 17 0 25 17 28 30 17 24 29 28 18 32 24 32 
28 25 19 28 30 19 21 21 27 29 23 20 30 17 19 26 18 27 27 19 30 27 26 30 17 24 31 28 31 27 25 17 19 31 20 21 18 26 0 29 19 31 20 27 29 16 20 18 25 30 
25 27 30 18 24 20 16 32 20 18 26 22 31 23 23 24 27 25 28 32 31 24 25 16 22 30 30 25 23 22 29 16 31 31 31 26 25 25 24 0 31 19 21 29 32 23 31 17 21 26 
19 26 24 23 20 18 29 30 18 20 20 26 27 27 19 29 25 25 32 22 24 32 30 31 17 19 23 29 18 26 31 32 16 16 20 28 22 25 27 17 0 32 18 17 19 16 30 19 30 30 
30 31 19 24 27 27 25 20 20 17 22 25 24 20 25 16 17 21 21 21 29 32 29 24 26 27 28 25 20 18 28 20 30 29 30 17 30 30 25 23 23 0 28 25 24 19 28 32 28 28 
28 22 21 24 25 20 19 32 26 32 22 17 27 20 23 17 29 23 17 21 32 31 27 29 31 23 25 20 29 20 24 22 17 30 29 28 30 18 27 24 21 30 0 28 17 23 24 32 23 29 
17 29 19 16 32 26 31 30 26 23 32 21 27 17 30 21 31 25 18 31 28 17 26 24 30 26 18 25 19 32 23 22 26 24 19 24 22 25 17 19 29 18 25 0 25 26 21 23 32 21 
24 29 31 17 19 32 32 31 20 30 31 24 32 18 17 19 18 30 32 24 21 22 29 29 32 26 19 19 25 25 23 23 22 18 24 20 23 16 22 30 18 16 18 29 0 20 19 27 21 21 
21 30 25 28 30 29 20 25 27 28 23 27 22 23 22 17 21 16 29 23 29 26 19 20 21 32 18 23 20 20 31 29 30 23 30 30 31 29 16 19 23 29 25 32 26 0 20 32 31 23 
23 20 23 32 16 29 21 24 23 21 28 21 32 18 26 22 31 21 18 27 24 32 20 25 23 24 28 17 23 31 20 25 30 20 23 32 18 20 30 25 18 27 25 30 19 23 0 19 21 23 
32 17 21 25 19 20 19 27 27 24 27 23 17 23 22 18 30 21 25 25 17 28 21 17 22 20 24 21 23 32 26 22 23 28 26 24 27 27 29 21 19 21 23 19 31 28 29 0 28 26 
18 27 22 26 26 20 25 32 28 31 19 19 17 26 23 26 20 17 18 30 25 31 18 30 24 21 28 28 17 17 30 26 29 22 20 27 18 25 23 21 21 27 20 22 23 26 19 25 0 26 
30 32 32 26 22 17 19 19 24 27 20 20 30 30 25 19 31 21 28 32 19 27 17 22 29 28 24 30 32 21 19 24 19 18 16 26 25 31 28 27 26 21 20 19 28 31 19 31 27 0 
0 31 24 22 29 26 27 30 18 18 22 29 18 22 17 31 16 23 23 32 23 17 25 29 28 20 18 27 17 31 27 20 24 17 22 28 19 24 22 29 22 31 26 27 28 18 29 21 32 24 
31 0 21 32 26 17 20 18 22 27 19 29 26 17 18 31 25 24 27 26 21 30 28 31 27 32 21 27 22 25 30 21 24 20 30 30 27 18 28 24 31 21 32 30 30 24 28 22 29 28 
32 28 0 24 32 30 23 18 20 32 21 28 26 32 24 29 30 25 23 18 23 28 24 29 17 25 23 24 25 19 29 27 22 22 25 18 22 20 19 28 29 32 24 23 28 16 28 20 17 28 
25 32 28 0 21 20 18 26 20 29 16 16 18 18 30 20 32 32 27 30 21 31 23 24 18 30 19 16 23 32 17 32 28 27 20 17 18 25 22 30 16 24 31 23 22 26 17 21 20 28 
23 32 24 18 0 24 19 21 20 23 24 16 28 30 26 20 27 21 24 31 28 19 32 29 18 31 27 30 31 28 18 21 17 25 23 20 18 17 24 17 18 18 17 22 30 17 16 23 24 21 
27 31 24 28 30 0 24 19 28 28 24 27 18 30 20 30 21 17 20 28 20 30 27 16 19 19 28 31 18 29 24 28 24 16 29 21 27 28 17 27 29 17 19 18 21 21 31 27 23 21 
31 17 19 23 24 21 0 28 24 18 20 29 17 26 26 26 17 32 24 26 31 32 17 26 27 28 22 26 24 29 27 32 18 18 27 29 16 18 25 19 29 22 31 29 18 31 19 31 31 23 
21 22 31 29 24 16 29 0 25 21 23 18 19 32 32 19 32 29 19 18 28 28 30 23 31 19 22 21 27 24 32 18 31 25 22 30 32 23 29 16 32 25 31 27 26 18 18 24 22 30 
32 28 24 29 29 26 22 20 0 24 29 19 25 23 28 18 19 20 30 16 17 27 17 23 29 24 21 28 17 28 26 20 25 21 29 18 26 28 19 29 30 18 32 21 17 18 25 27 20 27 
18 16 26 22 23 24 31 31 23 0 31 29 30 20 21 25 22 19 22 32 20 30 25 28 30 19 27 27 22 27 23 32 23 30 17 22 17 28 21 25 17 23 28 19 29 28 16 18 19 32 
26 16 23 17 24 29 24 16 29 22 0 25 23 16 24 31 26 19 20 32 30 20 18 17 20 21 16 29 16 30 26 26 31 18 30 27 28 17 30 21 30 31 18 31 22 31 21 26 16 24 
23 22 30 30 32 18 31 30 18 17 16 0 29 19 22 19 16 20 25 32 29 23 19 29 27 28 28 22 19 21 30 23 27 23 23 23 31 18 21 28 30 20 30 28 16 17 32 18 17 18 
18 16 23 31 23 22 19 20 25 26 21 16 0 21 18 23 22 32 25 31 28 31 32 18 22 18 19 27 25 31 29 18 21 24 23 22 17 19 17 20 17 30 32 18 30 32 27 21 20 32 
20 28 23 25 26 19 21 29 21 25 32 17 18 0 22 27 27 30 26 24 28 28 17 28 27 21 24 18 31 22 18 31 20 30 23 20 20 31 19 23 23 31 17 20 28 28 25 28 20 21 
27 24 28 25 18 16 18 28 25 28 19 20 18 29 0 32 19 26 24 16 21 24 28 26 24 21 17 19 18 19 29 19 27 32 23 30 27 30 28 18 18 27 22 29 17 25 24 28 22 26 
17 20 23 19 18 18 24 30 18 20 23 29 22 29 24 0 21 31 23 30 25 24 26 31 28 19 20 27 27 28 23 25 21 31 31 27 23 16 17 27 16 30 28 20 25 27 30 29 25 23 
24 31 22 18 28 19 19 21 32 25 30 26 17 19 30 30 0 25 30 32 31 21 31 22 16 17 20 24 23 25 26 29 23 19 21 23 28 24 18 29 27 21 29 16 20 27 18 18 26 31 
17 21 29 22 28 24 32 20 17 22 20 26 21 26 18 23 22 0 31 30 28 19 26 26 26 30 32 19 19 24 30 32 21 26 30 17 32 20 27 30 19 26 18 27 17 19 27 21 21 24 
20 28 30 21 28 29 25 24 26 27 25 25 23 23 28 29 19 21 0 26 26 24 21 20 25 30 32 29 29 20 24 25 26 27 20 25 28 31 23 29 25 17 25 17 25 28 27 19 20 31 
32 31 28 18 18 29 28 19 30 26 31 25 20 25 20 18 23 32 22 0 18 30 27 27 27 22 19 24 20 31 28 18 26 25 21 21 32 24 22 27 31 29 25 20 30 16 18 32 21 18 
32 23 22 28 25 25 16 20 18 22 27 18 22 31 30 26 31 26 30 19 0 28 20 23 16 22 31 19 26 17 22 31 32 30 17 26 30 18 31 27 24 24 20 22 19 17 16 31 26 30 
24 31 18 24 23 30 24 22 27 28 32 22 32 20 21 16 26 25 23 31 28 0 21 26 31 23 24 18 29 25 18 24 29 25 24 22 30 32 23 25 21 17 22 30 25 24 18 17 18 27 
27 19 20 20 32 31 27 25 28 29 29 30 18 30 21 23 24 31 24 21 31 17 0 29 32 25 32 32 22 28 29 20 16 25 26 19 32 31 29 24 25 20 18 28 17 30 19 20 27 23 
23 31 31 18 28 26 20 18 25 16 26 18 20 32 31 26 22 19 32 22 24 28 21 0 31 32 16 20 18 23 25 26 31 20 29 24 23 29 28 28 30 29 28 30 27 32 23 27 28 17 
24 28 26 24 31 28 24 25 24 17 17 27 18 23 27 28 28 31 23 30 18 27 26 30 0 22 21 32 19 19 25 27 32 31 24 23 27 18 23 26 22 24 28 22 21 18 27 28 17 25 
19 32 31 18 32 28 16 30 28 29 17 32 26 17 23 19 30 28 23 17 29 20 32 27 22 0 23 20 20 17 16 26 16 23 25 27 32 17 21 31 27 31 24 31 26 22 20 20 21 30 
22 22 17 25 23 30 17 30 23 26 27 19 28 24 27 27 23 22 24 31 18 20 29 31 26 19 0 25 28 31 22 29 25 22 29 28 20 32 27 32 17 25 20 27 29 30 24 25 21 30 
22 18 19 28 29 16 32 25 17 21 28 24 30 17 31 18 27 20 16 32 32 25 24 25 16 21 20 0 29 16 17 18 27 24 20 28 27 20 24 24 27 30 23 25 19 17 18 31 21 18 
26 16 28 26 24 21 32 16 21 20 24 23 19 25 32 19 28 26 31 32 27 23 27 20 24 28 29 17 0 17 29 23 26 22 22 31 20 31 32 29 16 23 24 21 27 18 18 17 20 25 
25 30 21 18 26 19 18 23 31 21 22 30 28 18 32 24 20 17 16 24 30 32 22 26 22 32 18 32 19 0 30 24 31 27 17 28 16 29 23 21 32 24 23 31 31 28 27 16 24 20 
32 25 30 30 22 16 17 28 30 24 24 29 19 20 25 29 31 27 25 22 24 31 30 29 22 18 23 25 21 17 0 31 18 17 21 25 16 30 28 30 20 20 22 29 32 27 19 19 18 29 
19 28 29 21 26 25 20 31 24 24 17 20 20 30 22 16 18 25 24 18 29 23 28 22 26 22 19 30 21 19 23 0 17 24 28 20 27 21 27 19 32 21 16 16 32 23 29 26 26 28 
26 23 31 26 29 30 17 21 18 18 17 28 30 17 16 28 26 19 28 20 26 19 30 23 22 27 21 31 17 31 32 18 0 30 31 20 30 24 18 20 27 19 24 21 28 23 25 21 23 24 
22 17 30 22 28 24 25 25 17 21 31 29 21 16 23 18 31 23 27 20 30 18 26 20 22 30 31 28 23 18 22 29 22 0 18 22 28 32 17 30 25 18 31 31 30 28 32 28 18 29 
26 22 24 17 19 17 32 24 20 20 16 17 25 27 30 30 28 27 19 27 29 22 32 24 20 22 30 17 23 28 27 32 25 17 0 25 22 16 31 30 20 24 26 28 17 32 27 26 24 31 
27 17 28 22 17 31 18 31 29 28 27 22 26 28 30 21 29 24 31 24 18 18 22 28 30 32 26 28 25 28 31 32 32 17 24 0 26 19 31 27 27 30 30 31 27 24 24 31 27 30 
16 27 21 16 31 22 28 21 16 22 28 24 30 32 28 19 19 27 32 23 26 25 20 32 18 30 28 30 20 17 24 18 29 23 29 27 0 29 29 19 23 16 22 29 24 20 22 18 21 23 
26 23 31 17 26 25 32 18 28 21 22 20 22 20 18 27 18 26 18 26 32 29 24 16 18 19 31 24 21 19 16 17 19 21 31 30 18 0 30 17 20 17 29 28 23 16 21 31 27 17 
22 32 21 20 27 28 20 25 26 22 25 26 27 26 28 26 21 19 30 24 27 19 30 21 26 18 18 21 29 22 27 30 25 19 22 28 22 27 0 26 20 28 30 17 32 32 23 20 18 18 
20 18 17 24 21 23 27 28 25 25 18 19 29 28 16 31 20 16 19 27 16 25 27 18 31 16 22 18 28 17 21 21 23 32 22 31 18 29 26 0 28 29 26 25 32 28 27 25 28 19 
19 24 30 31 30 24 18 32 22 17 17 20 31 17 23 22 17 19 17 23 29 25 30 20 30 31 26 29 25 32 28 29 23 26 20 28 18 31 22 31 0 17 23 21 26 23 21 19 23 27 
21 20 29 25 17 26 19 19 29 27 19 28 21 31 24 19 17 32 31 21 23 31 19 28 20 25 30 25 29 24 21 29 22 27 23 30 24 17 22 18 23 0 21 21 18 29 29 22 19 16 
32 29 20 16 24 25 26 22 17 28 23 18 28 23 28 31 28 29 22 17 17 30 25 21 31 19 24 20 32 29 19 19 19 23 30 18 18 31 31 22 28 30 0 24 19 19 17 21 25 21 
25 26 22 23 28 22 21 19 29 22 23 27 24 18 30 17 26 22 20 28 25 23 25 28 32 30 23 22 23 26 16 23 29 24 31 31 26 19 26 18 21 30 26 0 31 31 18 16 24 22 
31 28 24 21 21 21 20 18 26 16 27 21 23 22 18 25 27 30 24 20 19 19 25 28 30 27 26 27 18 29 24 24 18 30 26 25 32 26 28 23 18 25 28 25 0 17 28 26 26 29 
22 28 31 19 23 30 21 26 18 32 26 27 18 27 22 21 28 24 26 25 29 31 16 25 27 23 18 30 17 25 21 23 31 21 27 21 17 30 32 19 29 24 27 27 32 0 27 18 25 18 
29 23 25 24 29 20 28 22 20 20 28 19 29 28 22 28 18 27 23 21 32 26 27 18 25 20 29 19 17 30 23 18 19 23 20 18 31 31 22 31 26 31 18 18 19 25 0 25 31 21 
25 20 20 30 20 22 25 16 30 17 20 32 24 27 18 18 24 20 18 32 19 17 17 21 25 30 31 27 21 28 21 29 18 22 25 29 20 32 19 22 28 20 29 28 22 18 30 0 25 30 
21 16 28 21 20 31 29 32 29 19 28 27 28 19 25 25 27 19 29 18 27 29 26 21 21 28 20 24 17 20 28 30 19 19 29 30 27 32 23 24 21 20 17 26 28 24 20 26 0 21 
30 30 30 29 31 20 17 18 20 25 29 31 31 20 31 22 21 21 18 29 26 18 25 19 28 20 28 18 16 25 32 18 18 19 23 18 21 23 22 23 24 20 31 25 21 18 27 18 30 0 
0 18 30 30 20 17 20 27 27 19 20 16 21 20 19 20 19 19 29 21 28 25 22 20 19 19 29 28 29 27 32 28 28 31 16 26 28 19 22 30 31 18 29 29 20 23 27 21 31 17 
26 0 26 27 26 28 17 25 25 17 21 19 16 20 17 27 19 18 19 29 30 24 21 27 24 26 21 22 26 30 19 27 20 29 16 27 29 23 31 27 17 16 23 27 21 26 23 31 22 26 
16 29 0 20 25 17 22 31 20 23 17 29 27 30 31 29 30 17 29 16 30 16 27 23 27 29 25 26 27 26 21 27 22 20 30 24 25 22 27 30 31 19 24 18 26 26 32 32 31 26 
19 31 30 0 22 28 22 20 20 26 19 21 18 29 29 30 21 21 21 22 23 30 26 31 26 32 17 21 27 27 21 25 22 16 22 32 28 30 19 23 20 26 23 30 28 22 30 18 29 32 
30 16 29 26 0 23 25 25 26 30 16 23 26 28 18 17 30 22 22 18 18 22 30 22 18 25 24 23 27 31 20 23 19 30 17 23 22 27 27 27 21 19 21 27 26 32 22 22 28 23 
28 32 21 30 21 0 32 20 22 30 18 17 23 18 25 27 32 24 22 31 29 24 18 25 16 22 29 21 22 20 25 19 31 32 32 22 17 17 23 17 22 31 23 30 16 19 25 16 19 24 
28 23 29 23 31 19 0 30 24 18 16 28 28 17 17 30 21 17 23 24 26 17 19 30 18 28 17 27 28 28 19 16 24 28 19 31 23 16 27 17 31 23 32 24 24 28 25 29 24 30 
19 23 19 16 22 27 30 0 22 27 31 18 24 20 20 17 17 20 21 23 22 21 25 28 19 27 19 16 24 29 20 25 29 18 16 22 30 24 30 31 23 21 23 30 24 24 24 19 23 30 
21 17 20 30 27 20 25 24 0 18 27 21 27 29 25 16 25 23 30 23 29 25 25 18 31 32 32 22 27 28 23 24 22 29 28 18 25 22 22 27 27 22 27 29 20 20 25 25 17 23 
27 24 26 26 24 22 28 19 26 0 23 27 19 16 16 20 30 26 20 18 28 24 27 23 31 23 29 27 19 18 18 21 17 22 30 29 31 21 26 29 20 21 31 21 20 23 17 24 24 22 
18 17 22 23 20 20 17 31 19 29 0 24 28 19 18 27 31 24 30 19 20 28 18 17 24 19 20 17 30 30 18 17 28 24 24 25 27 17 29 20 27 28 27 28 27 17 19 20 17 20 
18 16 30 23 29 22 27 21 21 16 23 0 21 19 20 25 23 27 20 30 19 25 28 25 20 28 30 18 22 20 28 32 20 25 17 21 31 28 29 23 32 21 25 19 24 26 32 16 29 26 
26 30 24 17 17 24 20 27 32 24 18 18 0 17 21 24 32 31 27 23 20 30 30 24 25 21 28 28 28 20 17 30 32 27 17 30 22 23 25 24 20 17 28 20 22 28 29 24 22 23 
26 24 21 30 21 18 31 22 28 21 30 18 20 0 18 32 32 25 21 25 19 16 31 22 31 28 17 27 26 19 21 20 17 20 18 23 27 20 28 23 17 30 22 32 23 26 26 32 18 30 
20 29 16 20 32 31 19 29 28 17 30 20 31 28 0 32 19 23 27 25 22 24 24 27 20 32 32 30 28 17 17 31 18 21 24 17 18 32 30 20 20 18 18 18 22 25 28 30 19 22 
32 28 16 19 30 22 27 23 31 22 28 28 30 17 31 0 22 23 18 24 28 28 22 32 23 22 22 28 27 28 20 23 28 25 29 16 20 27 32 20 32 26 32 24 18 27 20 28 23 28 
30 17 30 23 22 20 29 31 18 27 29 31 32 29 27 30 0 27 22 24 29 17 27 26 24 20 28 23 30 31 18 18 26 19 20 22 28 16 28 27 24 30 21 30 30 20 25 32 23 23 
26 17 19 21 16 19 30 32 23 25 23 19 30 27 25 28 27 0 30 20 22 32 23 29 17 21 29 21 21 19 16 20 31 17 19 17 17 24 29 28 32 19 16 31 32 26 23 28 22 25 
25 30 27 27 23 28 32 18 19 32 16 27 29 20 17 24 31 26 0 18 31 22 17 19 31 28 25 23 24 21 24 25 25 28 22 18 30 24 20 31 17 21 30 17 25 18 18 29 20 21 
23 19 31 26 17 18 31 18 26 26 21 32 24 27 30 26 26 20 28 0 29 19 27 22 22 28 18 16 22 20 18 19 25 17 24 30 30 25 25 31 27 30 20 24 31 29 17 23 16 22 
19 31 22 27 25 26 19 17 25 23 18 18 23 20 30 30 22 23 28 21 0 19 30 22 28 20 17 29 18 19 25 31 17 29 21 21 23 18 17 27 28 32 26 20 27 32 31 31 16 16 
21 27 23 30 19 28 19 24 30 20 27 31 25 25 18 17 28 29 25 24 29 0 20 23 25 18 19 21 31 24 22 29 26 19 27 24 19 22 30 20 21 32 27 32 28 32 25 22 30 31 
29 24 29 29 25 18 31 18 24 26 32 29 29 19 29 29 25 22 27 26 30 25 0 24 30 24 30 27 28 22 27 32 17 23 18 20 17 26 28 18 31 27 16 20 32 26 27 32 25 20 
27 19 28 26 19 22 28 27 20 18 29 31 29 20 18 24 24 26 24 17 20 17 22 0 21 30 22 32 23 19 26 18 20 21 23 26 23 28 21 24 17 21 32 29 28 30 18 31 19 19 
30 24 23 31 28 18 19 25 24 24 28 27 27 21 30 23 32 20 22 32 19 27 29 30 0 19 20 32 21 19 16 17 25 25 20 22 28 23 24 30 23 22 17 27 22 30 24 32 22 22 
19 24 17 25 28 31 18 21 28 17 19 24 17 18 28 27 18 19 18 20 30 26 32 25 28 0 18 28 18 30 25 17 20 25 28 27 25 23 22 20 27 24 18 24 21 23 27 22 22 16 
24 17 31 23 23 26 19 23 16 24 26 17 18 25 26 22 25 18 25 28 18 19 20 19 20 28 0 17 31 26 32 24 23 23 19 31 30 17 16 24 16 30 17 29 24 30 32 28 32 19 
26 25 30 28 18 23 31 22 20 27 18 29 19 31 26 26 22 24 29 18 27 18 22 28 30 27 18 0 26 25 20 26 32 29 22 20 26 18 23 26 19 28 28 21 17 31 24 25 18 25 
24 31 19 27 22 16 20 19 25 32 17 29 30 27 17 32 24 23 25 19 23 21 20 24 29 22 29 26 0 27 17 28 23 32 28 22 25 27 25 28 24 25 18 26 23 22 28 22 30 29 
26 21 32 25 22 25 22 25 22 24 19 21 21 21 32 20 22 25 32 23 25 19 23 21 21 17 31 20 17 0 26 32 31 27 25 31 27 17 17 20 30 30 18 17 25 16 16 32 20 27 
26 29 19 32 28 25 26 22 31 27 16 23 25 26 23 24 17 32 24 22 31 28 23 16 32 16 18 29 27 23 0 32 31 25 18 30 23 31 32 24 25 23 22 23 16 17 20 26 21 16 
24 21 30 24 17 22 20 20 16 16 29 26 32 21 32 24 18 22 28 16 27 30 18 25 26 20 25 26 32 24 28 0 31 22 20 17 28 23 22 18 16 27 28 25 30 29 17 23 28 28 
20 17 24 24 28 27 25 26 31 18 25 29 29 24 20 23 26 22 18 17 25 21 30 23 31 31 16 19 19 30 27 24 0 32 30 16 32 21 29 21 23 18 22 27 19 22 30 29 19 31 
16 24 22 24 31 23 25 19 28 19 25 22 31 21 17 19 25 21 31 32 16 23 20 24 18 23 32 31 18 16 24 19 17 0 18 25 19 19 27 28 31 18 25 32 31 19 22 26 17 30 
27 28 27 20 19 32 30 30 22 23 32 22 30 32 31 29 22 28 32 19 28 28 25 26 21 30 25 30 26 25 25 17 25 22 0 25 28 18 16 29 31 29 28 31 21 22 20 28 18 23 
29 29 31 29 23 18 31 16 16 30 18 25 29 31 30 18 19 27 20 18 22 29 28 24 26 22 30 20 27 30 26 17 25 21 26 0 23 31 18 27 20 31 29 23 31 28 23 17 28 26 
20 27 18 19 28 19 19 17 16 22 31 17 21 16 29 17 21 23 18 16 21 27 19 19 23 32 32 32 31 17 17 21 31 26 21 32 0 22 20 22 24 23 25 24 21 27 21 27 25 32 
32 31 17 17 32 26 18 16 31 27 31 22 27 24 21 22 18 20 28 21 21 29 20 17 20 23 31 18 24 28 16 27 29 21 29 32 32 0 20 20 20 19 20 16 16 27 22 28 16 22 
29 31 20 16 23 32 31 19 32 28 24 31 31 30 29 23 28 23 20 24 23 28 29 16 18 31 31 30 27 23 23 27 28 30 30 32 23 30 0 19 30 22 31 30 16 24 29 21 32 30 
23 20 30 25 29 19 26 28 16 20 28 28 21 24 22 17 19 19 24 29 21 29 29 27 28 31 29 20 17 29 31 21 32 18 20 20 24 26 31 0 32 18 20 26 21 19 29 29 18 31 
28 21 27 27 18 20 24 22 23 18 22 28 24 23 30 17 32 19 29 29 22 30 28 28 19 29 32 31 30 21 25 21 21 19 27 25 31 26 23 20 0 30 30 23 26 20 21 22 24 17 
26 22 27 25 28 28 32 29 26 29 28 16 32 26 19 28 17 25 17 19 30 20 21 20 25 22 32 23 32 24 28 31 29 32 25 21 27 22 23 28 26 0 29 24 29 16 17 29 32 32 
18 26 18 23 29 27 26 32 20 30 29 29 22 19 32 29 23 24 25 29 22 28 23 17 26 32 24 32 27 24 28 17 20 21 19 17 25 24 17 25 27 23 0 31 27 25 24 24 32 26 
24 28 16 30 29 18 22 19 24 17 30 24 26 30 24 23 28 24 18 20 21 31 19 31 28 21 16 20 24 29 31 31 22 25 29 28 27 22 21 30 24 17 21 0 23 18 19 23 21 29 
25 17 30 18 17 19 17 25 28 23 31 31 32 23 21 29 28 24 18 25 19 30 30 30 22 30 21 19 31 19 26 27 18 23 29 21 31 32 25 26 20 25 31 31 0 20 20 30 22 18 
21 19 21 23 31 27 18 21 21 22 28 27 29 21 22 22 24 20 24 17 29 27 17 24 17 22 18 23 16 23 21 30 25 22 23 19 27 16 30 28 21 31 30 24 28 0 32 18 21 30 
29 24 23 25 29 32 20 32 26 29 30 28 16 17 31 29 19 24 29 31 30 28 20 24 30 30 21 28 24 25 22 25 25 16 18 31 22 26 29 24 25 21 32 24 24 21 0 32 29 24 
27 31 28 28 24 21 25 22 18 22 22 28 26 23 21 17 32 26 20 22 21 24 22 25 31 17 17 29 20 23 17 26 21 22 22 22 20 31 29 26 29 23 31 17 30 32 20 0 17 28 
16 29 20 31 19 22 18 27 24 19 31 19 26 20 29 18 26 24 24 30 23 27 30 30 27 32 23 21 20 17 28 32 19 27 25 28 25 22 24 27 23 32 25 32 20 24 22 24 0 24 
22 31 18 29 32 17 24 17 23 18 19 21 29 32 20 18 26 21 19 17 17 30 21 31 20 18 22 24 29 23 29 20 16 29 24 27 26 19 28 17 25 26 31 27 22 25 27 27 31 0 
0 26 17 26 26 20 22 19 27 20 16 29 22 19 23 17 24 22 23 20 27 20 20 25 32 27 29 22 29 18 27 22 32 31 32 32 16 23 27 17 27 24 17 17 19 28 27 21 25 26 
19 0 31 24 22 21 27 25 17 20 28 20 25 17 30 17 25 18 20 17 19 23 28 32 28 29 26 16 27 16 28 30 22 21 23 17 18 23 28 21 26 32 29 27 19 31 20 27 22 18 
24 18 0 29 27 30 31 30 30 21 24 19 27 16 27 29 32 21 30 18 26 19 30 27 32 17 24 26 25 25 21 25 18 28 32 29 31 25 26 27 19 20 21 20 21 27 27 30 17 20 
27 16 22 0 17 24 31 31 18 27 24 32 32 24 19 23 19 30 29 20 19 31 26 30 27 20 24 19 18 23 17 29 20 31 23 30 28 23 30 29 23 16 30 28 32 20 22 32 29 26 
17 22 17 26 0 28 22 25 28 25 20 30 23 27 27 24 32 23 17 25 17 23 25 27 24 22 24 25 22 18 22 29 26 26 21 19 23 30 17 21 17 24 32 19 32 31 20 27 32 17 
24 18 19 16 27 0 17 19 20 24 18 21 18 19 30 20 21 28 29 24 21 20 18 29 30 27 31 17 30 29 29 27 21 32 28 22 21 18 29 20 30 25 25 22 20 17 20 18 23 22 
29 24 23 25 32 24 0 22 32 24 24 27 24 29 27 17 29 28 27 17 18 23 18 18 21 31 28 26 28 16 23 22 30 23 22 31 29 18 21 27 29 20 22 23 23 29 29 26 31 29 
30 23 17 25 16 16 23 0 22 21 27 29 23 23 30 23 22 23 27 31 17 25 22 17 16 27 28 28 21 16 20 27 27 19 17 25 26 28 30 23 28 20 30 30 16 23 25 24 31 27 
29 21 25 25 23 21 16 20 0 30 27 32 18 17 26 27 23 18 30 18 30 27 23 20 16 17 17 26 26 23 28 22 22 31 19 29 31 23 29 27 30 18 23 21 17 17 24 25 32 28 
23 17 23 16 23 16 31 29 27 0 21 24 27 18 17 32 25 24 30 28 29 29 20 31 24 27 30 22 23 27 32 24 25 30 26 20 29 26 20 22 19 19 22 24 22 24 21 22 17 28 
31 21 22 19 18 26 20 29 23 31 0 24 28 30 26 30 30 29 16 22 18 32 30 27 19 17 31 16 22 21 27 25 20 27 16 20 32 29 21 18 18 30 27 19 21 30 27 22 29 17 
25 19 28 18 29 23 17 20 25 28 28 0 18 28 17 29 19 25 29 25 30 25 16 25 28 17 20 16 29 20 31 20 20 18 18 20 25 18 26 28 21 25 24 22 16 31 21 20 31 19 
29 32 22 22 28 21 25 24 30 17 24 24 0 17 29 26 30 28 29 27 24 21 20 22 27 22 18 30 21 22 23 31 20 21 21 21 17 29 31 16 29 31 26 20 31 28 22 24 24 22 
22 30 21 18 20 29 17 24 31 32 18 23 29 0 27 23 19 25 25 18 27 28 25 21 32 28 27 20 28 20 24 25 22 31 26 26 31 20 16 27 17 25 32 31 25 22 23 26 21 26 
29 21 28 20 23 20 24 23 31 29 28 32 18 22 0 32 23 27 26 28 24 19 18 21 30 21 17 29 29 27 19 28 25 32 19 23 16 25 27 18 32 17 30 22 19 17 27 18 20 25 
29 29 28 30 27 22 19 20 21 16 24 31 32 23 20 0 27 27 21 28 31 30 18 26 24 24 27 26 22 23 28 29 31 19 21 22 16 28 26 21 21 23 18 22 28 30 27 31 18 32 
16 25 21 24 27 20 19 22 26 25 26 30 16 24 16 18 0 31 18 17 18 32 17 27 27 17 31 20 17 30 23 19 29 29 24 31 26 24 25 22 21 19 22 19 25 19 30 23 25 30 
21 26 23 31 30 31 29 26 25 20 25 29 22 25 30 28 22 0 29 22 24 23 22 21 19 26 30 16 23 32 27 27 29 21 16 22 19 30 30 30 31 28 23 22 20 26 26 20 32 31 
28 21 21 23 29 26 18 28 17 26 32 32 16 26 29 20 22 28 0 22 17 19 18 26 19 32 17 30 18 30 27 23 31 20 31 18 28 31 25 20 31 26 22 26 19 19 26 25 27 28 
26 29 30 26 29 16 25 21 19 16 16 21 22 24 30 20 31 30 18 0 18 31 20 20 22 19 22 17 27 19 28 20 26 22 32 25 29 31 28 30 19 21 21 29 26 29 19 29 17 30 
25 23 18 19 22 16 29 27 22 27 19 27 29 26 25 24 17 25 21 25 0 23 26 28 18 30 29 28 32 23 19 16 27 30 17 26 22 29 24 17 25 16 23 22 17 29 25 24 21 23 
21 29 27 28 21 25 26 24 17 26 27 29 24 29 26 29 28 18 20 25 22 0 29 30 23 30 25 19 29 23 24 19 29 22 28 26 27 22 27 19 22 24 22 21 16 25 24 24 21 28 
22 17 31 25 31 17 19 29 20 25 19 16 24 25 22 18 30 31 32 24 23 30 0 26 27 27 27 22 23 24 20 19 21 19 23 18 30 17 30 17 28 21 24 23 19 32 28 23 28 22 
23 17 19 32 20 25 32 32 23 29 22 31 21 29 30 27 31 19 20 26 23 23 26 0 26 24 31 20 32 29 16 26 17 27 30 22 26 31 31 30 29 32 28 21 21 32 16 22 25 17 
18 31 26 18 25 26 23 23 22 21 17 23 31 26 16 23 20 23 27 19 22 20 22 26 0 25 21 21 20 22 30 29 25 19 23 25 17 19 22 32 28 17 17 21 21 30 28 17 27 23 
23 24 30 23 24 20 19 17 22 30 23 19 20 25 26 29 32 26 32 28 18 21 18 29 25 0 23 30 17 21 18 23 30 31 30 21 19 18 26 23 25 22 24 31 24 27 18 17 17 17 
32 17 19 30 31 20 23 24 19 29 31 17 19 26 31 31 20 19 19 26 22 18 23 27 18 30 0 26 22 26 29 20 24 27 29 27 28 24 28 29 27 21 23 17 23 30 31 28 30 30 
25 23 18 32 19 19 23 23 27 24 28 19 26 32 17 19 17 17 23 22 26 19 24 21 30 24 27 0 20 24 20 16 23 19 21 20 31 32 20 23 23 21 29 28 20 16 31 25 31 18 
32 25 29 26 17 19 28 24 18 22 30 20 16 27 32 25 31 18 17 17 25 19 27 16 31 24 24 25 0 28 28 20 32 30 22 26 18 19 28 26 18 24 17 29 31 24 20 25 21 32 
22 28 21 31 21 28 20 21 17 20 22 17 28 28 22 23 24 21 21 22 21 21 28 30 22 24 17 17 28 0 31 24 26 19 27 27 31 30 17 29 19 24 32 29 19 30 20 22 23 17 
17 18 25 20 20 30 20 31 18 22 26 28 28 18 19 24 20 29 17 22 19 24 23 21 23 22 22 17 17 27 0 25 23 23 20 31 26 22 21 16 19 31 22 21 18 25 27 19 24 17 
30 19 31 18 24 20 30 25 17 32 23 21 19 22 23 26 22 22 24 25 29 27 29 19 20 27 23 29 32 24 23 0 32 19 26 17 27 26 23 24 31 29 23 23 23 22 17 25 31 29 
20 26 19 20 29 29 31 32 30 21 32 22 18 29 28 24 25 32 26 23 31 20 24 18 28 22 24 21 16 31 23 19 0 17 30 20 30 19 29 26 25 30 23 22 17 17 21 30 25 29 
28 24 23 24 26 19 20 19 26 30 21 25 29 31 25 20 17 26 30 25 21 17 29 28 19 26 29 31 25 27 24 18 26 0 19 18 22 26 22 18 17 21 16 24 21 18 19 28 32 25 
21 18 32 26 30 32 21 19 31 28 27 16 23 32 31 22 24 29 31 19 31 20 29 16 30 17 28 27 17 27 20 20 23 25 0 19 27 28 17 27 27 20 25 31 25 20 17 16 31 29 
28 31 30 32 30 25 21 17 21 22 30 30 24 29 25 17 19 26 20 20 17 23 18 29 29 32 21 23 19 30 29 21 24 29 22 0 32 26 27 24 26 21 20 21 22 18 18 17 21 27 
29 24 18 26 26 24 31 28 23 26 19 18 24 25 21 31 22 30 24 18 27 30 32 23 28 25 32 21 20 32 17 24 24 26 32 28 0 28 20 18 30 17 22 20 24 26 30 31 31 24 
21 29 31 23 32 32 29 18 29 20 18 18 24 27 24 19 29 20 17 17 16 19 22 30 24 31 24 32 21 29 26 25 17 23 29 22 23 0 22 17 19 20 24 29 27 21 25 27 26 24 
31 21 31 19 16 23 19 27 26 26 30 29 19 30 21 23 17 21 20 23 22 19 20 22 29 32 17 28 31 23 19 29 19 23 28 17 32 27 0 24 26 19 18 31 16 24 31 31 20 28 
21 18 22 29 17 19 25 32 26 20 30 32 27 29 20 16 32 31 30 23 22 31 30 31 18 21 24 25 23 27 28 32 20 22 26 32 28 31 32 0 24 31 21 30 25 25 26 28 27 31 
19 25 27 21 28 30 23 26 18 21 30 26 16 23 28 32 17 27 20 22 20 32 24 28 29 29 21 17 25 26 19 16 31 20 24 20 17 20 17 30 0 25 28 20 25 18 30 16 25 28 
27 27 16 23 18 24 16 30 23 29 25 23 24 25 26 18 23 17 25 16 21 24 19 22 22 26 20 18 26 19 31 17 28 30 19 27 17 28 27 22 27 0 17 24 19 24 17 19 23 18 
17 20 32 30 25 30 21 25 19 19 23 29 20 28 21 19 19 31 24 25 24 26 17 25 18 24 22 26 27 27 19 23 26 29 17 18 17 19 32 29 27 27 0 26 24 24 29 24 19 17 
19 18 19 31 31 22 22 19 28 29 27 26 28 19 18 19 30 18 19 24 16 32 23 18 24 25 26 21 22 32 27 29 19 30 19 30 25 23 22 29 25 26 32 0 29 23 21 29 18 27 
25 21 20 21 19 18 22 18 25 20 23 31 26 25 24 18 30 32 17 16 26 31 21 19 22 28 26 32 23 16 31 32 28 30 27 18 22 28 26 20 27 24 19 18 0 28 28 31 22 29 
30 26 23 25 18 23 28 16 24 29 30 18 32 20 21 24 20 16 29 32 17 20 25 21 24 21 20 22 19 20 27 25 24 28 31 24 19 25 30 29 28 31 21 26 32 0 25 19 17 22 
27 21 19 26 16 21 19 17 26 21 20 23 25 24 30 17 23 32 18 27 25 31 16 32 25 28 31 27 32 30 31 31 30 30 20 29 21 31 18 29 19 19 24 31 28 16 0 28 31 19 
23 26 25 27 16 29 32 24 29 28 18 20 17 19 20 25 17 20 31 27 21 31 24 29 18 28 21 28 32 30 26 29 20 23 25 30 18 31 32 19 18 29 22 17 22 21 21 0 19 30 
25 18 30 24 22 27 25 23 24 16 29 17 20 17 26 19 22 31 17 19 17 30 25 18 18 20 24 23 25 20 21 31 23 29 27 25 28 21 27 27 32 19 22 19 17 29 32 32 0 27 
23 21 32 23 24 30 21 19 20 32 24 21 22 32 24 28 32 27 17 21 20 27 24 29 28 27 25 31 26 29 20 23 23 32 26 22 26 19 19 28 29 32 27 19 26 27 21 32 24 0 
0 20 17 20 17 28 26 20 29 20 25 19 26 30 27 24 21 31 30 21 27 30 22 29 30 29 25 31 29 20 23 17 23 16 21 27 17 23 32 26 21 17 28 31 22 23 18 20 18 17 
22 0 20 17 32 17 28 25 25 16 26 26 19 18 19 20 24 28 18 32 21 19 28 28 21 30 22 18 21 20 30 29 32 19 30 27 29 23 26 18 22 27 21 27 25 19 20 22 26 17 
32 31 0 22 25 18 24 19 19 24 25 32 20 27 30 16 28 25 24 25 27 21 21 21 29 17 24 21 32 26 32 23 29 26 32 21 27 31 16 21 28 20 29 32 31 18 21 19 28 21 
26 22 30 0 29 29 22 22 22 23 26 26 27 20 27 24 20 26 31 29 22 26 29 23 20 20 29 17 22 16 18 25 32 22 29 25 27 30 25 27 19 16 19 21 16 18 20 17 23 23 
23 23 22 18 0 18 26 30 24 23 30 31 28 21 31 26 16 28 23 16 24 19 28 32 24 30 18 31 29 17 24 24 26 18 31 25 19 17 32 17 22 17 26 25 20 24 23 23 18 30 
28 18 26 18 18 0 28 25 18 30 26 23 18 17 27 28 19 23 18 25 27 20 17 20 18 17 24 32 25 32 28 29 18 31 18 23 17 24 29 20 26 18 24 17 17 16 17 32 32 21 
25 28 31 29 17 18 0 18 22 18 23 20 30 31 30 21 24 19 23 16 24 25 24 18 30 28 24 22 25 32 22 32 23 17 30 17 30 32 32 24 31 21 19 24 23 21 17 20 18 25 
17 18 27 26 24 21 32 0 18 16 27 18 25 20 18 31 26 27 30 24 28 22 17 32 28 19 18 30 27 20 31 32 22 22 26 21 29 23 21 21 20 16 23 27 26 23 31 19 30 17 
23 25 26 22 31 26 26 18 0 17 20 20 30 18 20 16 17 21 25 17 26 19 26 25 21 26 25 31 31 20 19 29 28 31 28 17 28 32 19 29 32 31 32 32 22 32 21 26 26 29 
28 32 26 29 20 20 18 31 20 0 21 25 18 31 18 30 18 23 22 23 30 31 30 18 27 18 17 30 18 19 29 32 25 18 32 32 27 26 30 17 17 29 22 22 30 30 22 20 17 20 
18 31 17 23 24 24 22 25 24 21 0 32 30 29 17 29 27 26 30 27 19 23 23 25 32 24 27 24 21 16 32 26 17 25 25 27 32 21 32 32 29 23 19 18 30 26 17 29 20 17 
18 18 25 31 28 18 22 27 29 21 26 0 27 26 27 22 31 20 25 28 30 31 18 21 16 17 17 29 23 20 22 17 31 23 18 17 28 26 22 30 18 29 31 19 16 22 28 26 31 19 
31 21 26 23 22 20 16 22 22 19 27 32 0 29 17 20 18 17 21 21 30 25 21 27 28 18 30 22 17 17 19 23 22 29 24 26 20 29 19 27 19 29 32 30 32 27 20 16 26 24 
31 27 25 26 23 31 29 22 23 18 26 24 19 0 20 25 20 19 19 21 26 18 26 31 27 29 29 28 23 20 23 28 17 19 22 29 29 20 17 17 26 31 32 26 20 30 24 20 19 18 
27 22 18 32 31 28 16 23 19 21 25 20 30 27 0 17 31 21 25 30 17 20 18 28 21 25 17 19 17 29 23 21 31 31 32 17 32 31 17 20 18 23 21 26 19 31 31 29 24 20 
25 20 27 25 25 18 17 25 27 17 32 20 30 21 17 0 24 27 30 25 26 17 23 28 24 18 21 31 25 25 23 26 20 27 31 17 22 27 30 17 23 20 23 18 31 18 18 32 25 21 
26 23 31 30 31 26 23 23 23 21 29 27 19 24 29 25 0 32 25 29 30 20 16 18 17 19 26 24 30 32 22 28 31 29 31 28 23 16 18 25 17 29 24 27 25 23 22 25 19 32 
21 31 25 30 30 29 16 19 30 23 32 29 26 23 24 28 26 0 26 25 17 18 26 26 30 25 30 17 22 16 28 21 17 17 25 20 24 20 22 25 18 32 27 24 17 25 31 18 31 30 
18 31 25 29 21 20 26 23 21 23 32 28 32 23 27 18 29 30 0 27 18 30 16 30 16 23 21 26 28 27 27 27 20 21 26 28 32 18 26 19 20 27 25 28 23 30 24 23 22 24 
20 23 19 30 26 23 20 28 22 31 24 27 18 20 28 26 17 22 20 0 22 16 32 20 18 30 20 21 31 26 32 31 22 22 27 32 32 28 18 24 24 19 20 25 17 29 18 20 23 25 
25 27 19 21 30 29 23 18 29 18 23 22 29 26 26 28 31 21 30 24 0 21 18 22 21 31 30 22 22 19 22 30 31 21 26 25 30 28 20 18 20 30 24 24 27 22 19 17 23 19 
23 20 32 22 31 24 20 25 25 22 23 28 26 27 25 29 29 23 25 23 29 0 21 17 24 27 18 29 18 21 29 20 31 31 26 28 19 21 16 29 31 22 30 31 19 28 27 25 19 28 
23 17 25 19 19 29 24 23 21 30 27 17 16 28 29 26 23 32 18 30 32 21 0 28 16 16 24 27 17 31 21 24 22 24 16 28 19 19 25 17 20 19 17 17 26 21 19 27 31 21 
19 22 19 26 20 16 18 29 18 16 27 28 32 20 28 31 23 27 24 23 32 23 25 0 31 28 21 20 25 18 20 17 16 31 26 30 26 21 23 19 24 18 31 17 25 28 23 20 27 29 
16 29 16 23 18 27 19 21 23 25 20 25 25 20 16 22 19 27 17 22 29 30 17 21 0 27 31 18 29 27 32 28 19 21 22 32 21 19 26 24 28 20 27 27 19 28 18 32 16 27 
19 16 17 24 25 31 21 22 20 17 32 16 21 19 19 25 23 21 22 28 18 23 28 18 22 0 23 21 21 24 28 30 16 22 31 20 18 18 26 25 24 24 25 20 21 27 31 30 21 21 
21 25 27 19 19 18 17 26 24 21 24 19 21 29 25 27 32 16 22 18 25 29 26 26 23 31 0 26 28 17 26 18 20 31 17 19 30 25 20 32 30 22 29 30 25 25 23 22 24 28 
30 21 29 29 28 19 17 21 27 31 30 23 29 26 17 29 29 22 29 28 29 28 28 18 19 19 29 0 24 24 18 20 18 16 29 29 23 30 17 29 32 19 21 23 21 24 29 30 19 25 
22 30 31 32 18 24 21 16 26 24 23 22 29 26 26 18 19 16 31 30 28 31 23 25 17 32 25 17 0 29 22 22 16 32 20 30 29 17 30 28 31 31 17 17 20 32 18 24 17 19 
25 30 31 19 26 25 27 18 17 27 26 18 30 32 27 27 19 24 24 29 27 25 26 20 25 27 31 18 28 0 29 22 17 30 30 22 26 26 25 18 17 30 25 23 23 30 31 20 32 31 
18 24 23 30 24 22 16 19 17 23 21 18 32 20 20 27 29 27 19 30 21 27 31 24 18 21 32 18 27 31 0 16 31 31 21 19 22 29 26 30 21 21 20 19 26 20 25 28 22 21 
25 28 17 19 18 22 19 21 28 32 23 32 25 20 17 18 16 31 17 29 24 21 19 30 30 16 32 31 22 22 20 0 25 23 21 16 16 20 23 17 23 18 27 28 17 21 28 28 22 27 
32 32 18 20 32 20 30 18 18 30 18 24 26 29 30 20 23 29 22 31 18 28 25 16 32 25 16 17 20 17 19 19 0 22 26 17 24 32 27 18 19 28 22 26 27 23 20 20 20 29 
22 30 23 24 30 24 25 19 26 30 32 30 32 31 22 32 29 18 28 26 32 27 28 23 26 18 19 26 19 30 19 24 22 0 18 28 27 29 25 18 31 27 18 21 32 27 30 21 21 25 
32 19 30 16 17 18 29 28 29 30 31 29 24 26 30 20 28 27 28 32 18 28 28 28 17 19 17 19 21 27 20 22 25 32 0 18 20 26 22 26 21 24 19 21 19 25 16 21 24 19 
31 18 17 28 27 20 21 26 21 19 22 24 31 18 22 21 22 17 22 20 27 24 31 19 27 18 28 26 18 28 22 30 29 31 28 0 22 24 20 20 24 17 24 17 17 31 18 24 31 23 
27 26 22 25 28 24 32 26 32 31 20 27 30 24 20 24 30 22 17 24 25 22 22 22 18 26 26 25 31 16 19 30 24 20 29 23 0 27 31 20 29 28 24 23 22 30 18 22 27 30 
19 21 30 21 31 24 17 18 18 24 20 21 31 16 31 26 22 21 20 16 28 28 30 24 26 30 31 25 22 28 32 17 27 26 28 24 25 0 24 27 31 16 28 26 28 22 30 16 22 27 
21 32 21 16 21 25 21 26 28 28 25 30 29 19 22 18 20 17 31 22 23 21 27 26 29 27 32 21 22 19 20 18 27 19 18 32 31 22 0 25 23 27 18 26 21 17 19 19 23 19 
26 30 23 31 18 20 30 26 16 23 23 17 29 27 26 30 17 17 32 22 26 18 17 29 32 23 16 26 28 23 23 24 17 29 20 16 29 22 32 0 31 25 24 25 28 32 20 29 21 21 
18 30 29 22 23 25 25 17 29 29 25 31 29 32 28 16 26 32 27 20 26 20 31 18 30 27 26 23 31 16 20 28 25 23 26 16 18 24 31 22 0 21 28 26 21 19 26 30 26 23 
30 17 26 22 18 31 26 29 18 32 26 32 20 21 27 25 19 28 29 22 19 29 29 25 31 26 31 24 25 16 21 30 25 27 29 21 19 28 21 28 19 0 32 18 22 19 29 18 23 19 
30 29 18 21 31 18 18 28 27 17 29 27 17 29 30 31 32 25 27 30 25 23 19 24 32 32 24 19 18 22 20 28 23 32 19 22 24 20 17 29 23 25 0 20 31 30 22 30 24 18 
28 24 20 17 32 28 19 27 31 32 18 23 32 19 22 19 28 28 19 27 22 31 31 21 19 30 28 22 17 32 20 18 29 17 28 28 26 24 17 28 32 27 28 0 25 30 27 17 26 22 
29 30 32 19 21 26 24 23 17 20 18 32 22 19 18 28 32 27 23 19 26 17 31 22 21 30 30 27 23 30 21 18 23 22 29 32 21 24 30 26 32 17 17 27 0 22 30 27 31 17 
30 19 20 18 29 28 26 31 24 32 21 30 22 24 22 29 24 26 30 31 19 18 26 20 30 29 32 18 23 17 21 27 25 22 26 18 28 19 26 29 24 22 32 29 22 0 20 29 26 28 
31 18 31 21 23 31 18 27 19 30 23 23 29 22 20 27 31 29 32 20 20 26 25 17 17 17 20 19 22 19 28 26 16 31 24 31 32 30 24 17 28 29 23 27 22 21 0 20 20 32 
32 17 17 27 29 26 30 16 27 30 16 31 24 23 21 22 20 30 17 18 16 26 18 27 20 22 22 22 26 17 28 27 31 24 32 18 22 27 18 20 21 32 18 32 26 19 19 0 30 17 
21 24 25 31 27 28 22 22 28 22 29 30 23 24 22 21 21 31 28 16 29 21 28 25 24 21 23 17 20 22 28 29 24 27 29 32 16 21 20 32 21 17 25 26 31 25 26 19 0 29 
29 21 24 20 28 19 20 28 28 19 25 24 19 20 30 27 26 30 30 17 24 28 29 32 17 19 16 29 17 20 19 32 25 26 19 19 24 17 32 26 28 28 32 18 29 20 32 27 26 0 
442 351 414 355 391 320 453 417 377 443 360 426 421 389 380 448 420 453 421 412 440 371 414 318 439 421 447 378 416 426 436 452 410 427 445 414 383 330 413 418 440 453 416 438 436 440 420 370 433 415 
84 44 16 64 36 17 69 99 59 63 74 72 73 15 84 23 53 12 13 69 32 75 47 11 57 86 96 84 82 62 96 11 55 14 35 68 23 4 88 25 77 62 57 74 61 14 76 4 9 51 
93 79 47 64 19 66 21 61 46 27 51 24 87 25 18 83 42 48 74 96 89 91 98 47 76 96 28 36 26 19 86 13 9 18 22 22 59 87 74 40 63 13 48 17 53 44 86 38 40 86 
